0.247112 0.741131 0.011757
0.322065 0.296523 0.381413
0.422852 0.387628 0.189520
0.314184 0.276391 0.409425
0.318896 0.588626 0.092478
0.255790 0.222103 0.522107
0.084544 0.889920 0.025536
0.136532 0.679039 0.184430
0.509938 0.293566 0.196496
0.559184 0.368352 0.072464
0.190503 0.289322 0.520175
0.279742 0.248052 0.472206
0.207734 0.192959 0.599307
0.158345 0.281372 0.560283
0.125070 0.388720 0.486209
0.216468 0.011886 0.771646
0.341478 0.378529 0.279993
0.026136 0.846850 0.127014
0.274226 0.494436 0.231338
0.340939 0.042839 0.616221
0.291632 0.607234 0.101134
0.493337 0.381186 0.125477
0.316008 0.663783 0.020209
0.931606 0.035870 0.032524
0.532036 0.400793 0.067171
0.495671 0.226791 0.277538
0.180172 0.814747 0.005081
0.494947 0.503855 0.001198
0.092883 0.580337 0.326780
0.638152 0.034085 0.327763
0.012222 0.945237 0.042541
0.747970 0.084427 0.167603
0.640111 0.354126 0.005763
0.273621 0.680272 0.046107
0.030349 0.949182 0.020468
0.316905 0.416247 0.266847
0.004790 0.941025 0.054185
0.143066 0.552802 0.304132
0.000074 0.971168 0.028758
0.926107 0.015383 0.058509
0.526723 0.309709 0.163568
0.964266 0.026800 0.008934
0.987778 0.003296 0.008926
0.943040 0.042097 0.014863
0.024223 0.725646 0.250131
0.001205 0.976804 0.021991
0.007208 0.866870 0.125923
0.718619 0.125344 0.156037
0.412664 0.445734 0.141602
0.577508 0.421837 0.000655
0.013061 0.741932 0.245007
0.854301 0.001890 0.143810
0.048580 0.330171 0.621249
0.644388 0.086329 0.269283
0.979707 0.018898 0.001394
0.097764 0.514603 0.387633
0.028562 0.969085 0.002353
0.064877 0.478430 0.456693
0.849839 0.069599 0.080562
0.269995 0.562139 0.167866
0.025531 0.776046 0.198423
0.553229 0.237598 0.209173
0.322903 0.387803 0.289294
0.769772 0.171090 0.059138
0.015270 0.978593 0.006137
0.052118 0.773730 0.174152
0.211431 0.609965 0.178605
0.601840 0.306343 0.091817
0.000265 0.996907 0.002829
0.492405 0.265066 0.242530
0.384513 0.589505 0.025982
0.480576 0.394103 0.125321
0.281437 0.417002 0.301561
0.358729 0.378863 0.262408
0.457268 0.430408 0.112323
0.433855 0.438127 0.128018
0.796526 0.092407 0.111067
0.523623 0.222183 0.254194
0.783059 0.169030 0.047912
0.954459 0.027872 0.017669
0.599325 0.273903 0.126773
0.492897 0.399167 0.107936
0.591815 0.346949 0.061237
0.351688 0.532742 0.115570
0.359028 0.456701 0.184271
0.448810 0.471180 0.080010
0.180709 0.656576 0.162715
0.908716 0.029927 0.061357
0.807232 0.047624 0.145144
0.363792 0.459171 0.177036
0.462125 0.245359 0.292516
0.511667 0.417931 0.070402
0.307186 0.439619 0.253195
0.504682 0.455680 0.039639
0.442949 0.302855 0.254196
0.328421 0.642942 0.028637
0.347615 0.518785 0.133599
0.111252 0.786346 0.102402
0.555821 0.163186 0.280994
0.283966 0.685348 0.030685
0.731361 0.020179 0.248460
0.392510 0.310889 0.296601
0.286480 0.621148 0.092371
0.530653 0.290478 0.178870
0.464488 0.413056 0.122456
0.116559 0.809614 0.073826
0.310288 0.674249 0.015463
0.767579 0.033571 0.198850
0.298865 0.489207 0.211928
0.579880 0.357824 0.062296
0.185755 0.653937 0.160307
0.226326 0.718490 0.055185
0.419308 0.379419 0.201272
0.732110 0.058010 0.209880
0.129364 0.838457 0.032179
0.094433 0.647575 0.257993
0.780506 0.206109 0.013386
0.284289 0.678911 0.036799
0.301069 0.459392 0.239539
0.411943 0.569562 0.018495
0.739693 0.256190 0.004116
0.423037 0.230354 0.346609
0.534362 0.220020 0.245618
0.726210 0.130375 0.143416
0.561589 0.303077 0.135334
0.598573 0.315766 0.085661
0.396570 0.435030 0.168400
0.762333 0.045044 0.192623
0.642541 0.122290 0.235169
0.286676 0.539544 0.173780
0.571663 0.221400 0.206937
0.440691 0.518871 0.040438
0.654168 0.179499 0.166333
0.154160 0.631180 0.214659
0.460238 0.422289 0.117473
0.932925 0.027323 0.039752
0.239285 0.462973 0.297743
0.621554 0.272229 0.106217
0.348471 0.500237 0.151292
0.671176 0.194155 0.134669
0.484996 0.510161 0.004843
0.167426 0.535654 0.296921
0.390277 0.477983 0.131740
0.441579 0.208233 0.350188
0.506201 0.488174 0.005626
0.368254 0.477907 0.153839
0.361092 0.472409 0.166499
0.699128 0.278993 0.021879
0.500596 0.370314 0.129090
0.542066 0.229340 0.228594
0.098617 0.618953 0.282429
0.573710 0.195783 0.230506
0.457622 0.291198 0.251180
0.784533 0.194510 0.020958
0.667228 0.201597 0.131176
0.538062 0.282090 0.179847
0.200111 0.648587 0.151302
0.359345 0.566490 0.074165
0.016735 0.901816 0.081448
0.720183 0.219676 0.060141
0.563242 0.281403 0.155354
0.471291 0.294555 0.234154
0.361538 0.362491 0.275971
0.420382 0.346839 0.232779
0.758410 0.172136 0.069454
0.678059 0.132592 0.189349
0.399853 0.386252 0.213895
0.437036 0.500341 0.062623
0.651999 0.178138 0.169864
0.484946 0.432270 0.082785
0.201166 0.542074 0.256760
0.706576 0.140760 0.152664
0.367732 0.542381 0.089887
0.336708 0.475080 0.188212
0.306797 0.667169 0.026034
0.483288 0.220820 0.295893
0.731218 0.128402 0.140380
0.301746 0.365171 0.333082
0.125148 0.249434 0.625418
0.191964 0.179642 0.628393
0.176614 0.395376 0.428010
0.513712 0.314626 0.171663
0.590762 0.068834 0.340404
0.482036 0.326457 0.191506
0.176320 0.517277 0.306403
0.438785 0.063611 0.497605
0.437810 0.323059 0.239132
0.084859 0.342992 0.572149
0.338209 0.225396 0.436394
0.026773 0.714729 0.258498
0.159570 0.319586 0.520843
0.408256 0.236721 0.355023
0.270592 0.564992 0.164416
0.251029 0.280627 0.468345
0.062968 0.677986 0.259046
0.771191 0.076562 0.152247
0.563250 0.030640 0.406110
0.345426 0.374388 0.280187
0.219350 0.179915 0.600735
0.346543 0.211407 0.442051
0.296690 0.191354 0.511956
0.485301 0.308858 0.205841
0.559608 0.128474 0.311918
0.232411 0.601952 0.165637
0.472350 0.202361 0.325289
0.278578 0.455696 0.265726
0.484500 0.122863 0.392637
0.078946 0.625593 0.295460
0.694058 0.017564 0.288379
0.015999 0.522435 0.461566
0.411969 0.362856 0.225175
0.573529 0.083669 0.342802
0.218188 0.214232 0.567580
0.282159 0.267973 0.449868
0.406414 0.281739 0.311847
0.781601 0.000603 0.217796
0.718743 0.002537 0.278720
0.372583 0.371214 0.256203
0.401266 0.303206 0.295528
0.392132 0.127495 0.480373
0.278707 0.535278 0.186015
0.377076 0.247123 0.375801
0.540962 0.227488 0.231551
0.129209 0.002522 0.868269
0.059228 0.388681 0.552091
0.013402 0.023202 0.963396
0.026909 0.263173 0.709918
0.072823 0.003526 0.923651
0.132826 0.101555 0.765619
0.112564 0.022722 0.864714
0.115601 0.026313 0.858086
0.122401 0.099446 0.778153
0.035489 0.390978 0.573533
0.256924 0.122501 0.620575
0.037712 0.221088 0.741200
0.000823 0.005062 0.994115
0.053770 0.002519 0.943711
0.040932 0.011691 0.947377
0.221673 0.052453 0.725874
0.025337 0.442803 0.531861
0.504328 0.288111 0.207561
0.505956 0.010600 0.483444
0.426588 0.171201 0.402211
0.230769 0.483943 0.285288
0.351558 0.281466 0.366976
0.519317 0.048571 0.432111
0.039259 0.943051 0.017690
0.328126 0.562611 0.109264
0.267463 0.197251 0.535286
0.550139 0.228578 0.221283
0.343305 0.147649 0.509046
0.351025 0.225526 0.423449
0.134662 0.700607 0.164732
0.441834 0.281313 0.276853
0.501954 0.241761 0.256285
0.378539 0.348188 0.273272
0.123771 0.608181 0.268048
0.596647 0.166270 0.237083
0.012720 0.778840 0.208440
0.357002 0.493515 0.149483
0.358088 0.417461 0.224451
0.356776 0.369269 0.273955
0.298448 0.156200 0.545353
0.313197 0.123778 0.563025
0.543757 0.151568 0.304676
0.545079 0.119367 0.335555
0.368658 0.370742 0.260600
0.079807 0.719464 0.200729
0.177620 0.493428 0.328951
0.186767 0.461985 0.351248
0.067527 0.067484 0.864989
0.185808 0.721892 0.092300
0.386220 0.410753 0.203026
0.543076 0.156485 0.300439
0.341600 0.347277 0.311123
0.046383 0.675746 0.277871
0.158521 0.008266 0.833213
0.051108 0.071526 0.877366
0.448733 0.021813 0.529454
0.096860 0.001676 0.901464
0.000501 0.025821 0.973678
0.086792 0.003409 0.909799
0.106917 0.062902 0.830181
0.254002 0.000685 0.745313
0.034741 0.299041 0.666218
0.014994 0.013247 0.971759
0.234253 0.129398 0.636349
0.006006 0.007225 0.986769
0.068418 0.130268 0.801314
0.148596 0.011650 0.839754
0.231475 0.003444 0.765081
0.039283 0.406099 0.554618
0.244526 0.001652 0.753822
0.006420 0.172172 0.821408
0.216638 0.076983 0.706380
0.450096 0.071709 0.478195
0.051791 0.155026 0.793183
0.259799 0.085490 0.654711
0.225888 0.246812 0.527300
0.001301 0.005255 0.993444
0.273109 0.020419 0.706472
0.031451 0.268481 0.700067
0.250451 0.021214 0.728335
0.069392 0.237797 0.692810
0.094205 0.124498 0.781298
0.123697 0.279241 0.597062
0.052521 0.007848 0.939631
0.189868 0.355491 0.454641
0.021432 0.283321 0.695247
0.163034 0.056924 0.780041
0.098084 0.162259 0.739657
0.105855 0.059650 0.834495
0.044323 0.000552 0.955125
0.005210 0.020934 0.973857
0.063505 0.232991 0.703504
0.106999 0.111897 0.781104
0.329843 0.013189 0.656968
0.153882 0.063572 0.782545
0.072114 0.018867 0.909020
0.106253 0.006342 0.887405
0.166724 0.034196 0.799080
0.007236 0.127760 0.865004
0.067850 0.000500 0.931650
0.310622 0.207204 0.482174
0.021559 0.279877 0.698564
0.137429 0.008320 0.854251
0.070586 0.005215 0.924200
0.153419 0.002760 0.843821
0.097000 0.158036 0.744964
0.017872 0.082853 0.899275
0.278141 0.237131 0.484727
0.051049 0.224632 0.724319
0.067690 0.000040 0.932270
0.008316 0.002862 0.988822
0.174091 0.487162 0.338747
0.063620 0.554890 0.381490
0.258104 0.402976 0.338920
0.310901 0.461811 0.227288
0.138205 0.024708 0.837087
0.308629 0.029927 0.661444
0.072827 0.077360 0.849813
0.594618 0.220627 0.184755
0.050177 0.017258 0.932566
0.139220 0.226945 0.633835
0.051960 0.131686 0.816354
0.092227 0.008617 0.899156
0.042684 0.006187 0.951129
0.001700 0.068157 0.930143
0.171712 0.198247 0.630040
0.125674 0.013199 0.861127
0.158459 0.061161 0.780380
0.011544 0.004789 0.983667
0.234154 0.011107 0.754738
0.068783 0.082671 0.848545
0.117521 0.168316 0.714163
0.222547 0.031704 0.745749
0.014145 0.016671 0.969184
0.223406 0.163905 0.612689
0.106103 0.001156 0.892741
0.530889 0.134928 0.334183
0.309134 0.659402 0.031463
0.134742 0.702815 0.162443
0.428799 0.487428 0.083773
0.535506 0.304459 0.160035
0.038332 0.852242 0.109426
0.666428 0.185486 0.148086
0.932459 0.047002 0.020540
0.521565 0.333606 0.144828
0.312162 0.427763 0.260075
0.626049 0.234248 0.139702
0.562275 0.172770 0.264955
0.391821 0.300213 0.307965
0.061983 0.893274 0.044744
0.396937 0.546508 0.056555
0.777015 0.205421 0.017564
0.231014 0.739784 0.029203
0.222385 0.474193 0.303423
0.551039 0.288501 0.160460
0.661581 0.125840 0.212579
0.392308 0.243139 0.364553
0.077633 0.689399 0.232969
0.109936 0.794052 0.096012
0.334956 0.492923 0.172121
0.930541 0.005372 0.064087
0.325252 0.636909 0.037838
0.808977 0.188918 0.002105
0.588613 0.330133 0.081254
0.067335 0.903707 0.028958
0.082354 0.721020 0.196626
0.192459 0.649622 0.157918
0.242544 0.472547 0.284909
0.576635 0.121402 0.301963
0.063667 0.835027 0.101306
0.311668 0.499136 0.189197
0.034711 0.915943 0.049346
0.416163 0.130853 0.452983
0.019692 0.765300 0.215008
0.003252 0.986302 0.010446
0.977327 0.018123 0.004550
0.616918 0.082757 0.300325
0.318583 0.418413 0.263004
0.815666 0.042754 0.141580
0.974913 0.022907 0.002180
0.470294 0.484312 0.045394
0.956486 0.038791 0.004723
0.929062 0.007120 0.063819
0.984542 0.014824 0.000634
0.778962 0.149009 0.072029
0.127368 0.710518 0.162114
0.188893 0.559012 0.252095
0.001421 0.993057 0.005522
0.547351 0.419423 0.033226
0.065630 0.735784 0.198586
0.067486 0.856405 0.076109
0.824558 0.053083 0.122359
0.518924 0.243853 0.237223
0.309972 0.647826 0.042201
0.371865 0.375268 0.252867
0.132215 0.852018 0.015767
0.828403 0.161196 0.010401
0.033541 0.543766 0.422693
0.217542 0.215281 0.567177
0.570680 0.243581 0.185739
0.613593 0.188008 0.198399
0.844789 0.150613 0.004598
0.976695 0.015342 0.007963
0.102246 0.855374 0.042381
0.038740 0.655628 0.305633
0.510233 0.139112 0.350655
0.040050 0.666453 0.293496
0.091626 0.841326 0.067048
0.064047 0.897125 0.038828
0.130845 0.352878 0.516277
0.145424 0.535252 0.319325
0.848468 0.025363 0.126169
0.731704 0.206640 0.061656
0.148842 0.565777 0.285381
0.355381 0.643301 0.001318
0.010833 0.818673 0.170494
0.039128 0.696149 0.264723
0.357216 0.635057 0.007727
0.467797 0.247490 0.284713
0.546055 0.226172 0.227773
0.034288 0.714278 0.251433
0.263303 0.285231 0.451466
0.194854 0.256497 0.548649
0.710650 0.180466 0.108884
0.485134 0.341664 0.173202
0.839840 0.069818 0.090343
0.565225 0.380412 0.054363
0.275917 0.715323 0.008759
0.040257 0.950445 0.009298
0.121839 0.855595 0.022566
0.009114 0.939201 0.051685
0.736967 0.007720 0.255313
0.661959 0.245126 0.092915
0.058075 0.492806 0.449119
0.200389 0.657552 0.142058
0.498896 0.261359 0.239746
0.087465 0.668661 0.243874
0.556630 0.188153 0.255218
0.346312 0.548043 0.105645
0.905949 0.032277 0.061774
0.196133 0.562828 0.241038
0.008732 0.018806 0.972462
0.222769 0.045106 0.732125
0.254050 0.029876 0.716073
0.209460 0.479876 0.310664
0.264752 0.442918 0.292330
0.464020 0.363933 0.172047
0.293340 0.612890 0.093770
0.584102 0.132580 0.283318
0.440570 0.230833 0.328598
0.215926 0.471027 0.313047
