0.378410 0.212658 0.408932
0.396848 0.052922 0.550230
0.456519 0.468710 0.074772
0.253707 0.213069 0.533224
0.339155 0.430781 0.230064
0.269473 0.655356 0.075171
0.378094 0.281792 0.340114
0.161405 0.435246 0.403348
0.544298 0.132769 0.322933
0.049757 0.176151 0.774093
0.370138 0.472854 0.157008
0.363626 0.453789 0.182584
0.156722 0.570839 0.272439
0.345249 0.225334 0.429417
0.380866 0.168264 0.450871
0.545790 0.263538 0.190673
0.672536 0.133968 0.193496
0.005125 0.543237 0.451638
0.365471 0.400705 0.233824
0.693676 0.169622 0.136702
0.392962 0.276305 0.330733
0.395897 0.323638 0.280465
0.628423 0.338012 0.033565
0.408353 0.202435 0.389212
0.747741 0.202744 0.049515
0.227489 0.236066 0.536446
0.275524 0.394871 0.329605
0.292231 0.588741 0.119028
0.027891 0.107418 0.864690
0.414985 0.142562 0.442453
0.119759 0.535166 0.345076
0.295234 0.229968 0.474798
0.641583 0.152792 0.205625
0.378000 0.354133 0.267866
0.132344 0.482395 0.385261
0.499743 0.310671 0.189586
0.067297 0.622490 0.310213
0.189321 0.280541 0.530138
0.099313 0.476902 0.423785
0.411130 0.240391 0.348479
0.444662 0.491786 0.063552
0.443417 0.043388 0.513195
0.576038 0.247921 0.176040
0.351113 0.100951 0.547935
0.388819 0.226742 0.384439
0.015788 0.656802 0.327409
0.581605 0.060316 0.358080
0.248379 0.466897 0.284724
0.445677 0.248123 0.306200
0.535611 0.442643 0.021745
0.446582 0.478905 0.074513
0.412933 0.081741 0.505325
0.170769 0.396373 0.432858
0.428111 0.059399 0.512490
0.278199 0.045365 0.676436
0.187766 0.413447 0.398787
0.204596 0.612748 0.182656
0.305597 0.151241 0.543162
0.255650 0.069364 0.674987
0.377561 0.340696 0.281743
0.386496 0.389038 0.224465
0.183479 0.440079 0.376443
0.311026 0.077414 0.611561
0.187028 0.647559 0.165414
0.112970 0.751371 0.135659
0.107543 0.362746 0.529712
0.153715 0.241353 0.604931
0.605942 0.307221 0.086837
0.037482 0.614483 0.348035
0.525348 0.092528 0.382124
0.472201 0.393466 0.134334
0.359156 0.318050 0.322794
0.111499 0.104637 0.783864
0.338877 0.252887 0.408235
0.353247 0.498696 0.148057
0.617065 0.016102 0.366833
0.722852 0.121019 0.156129
0.214885 0.488918 0.296197
0.428534 0.362826 0.208641
0.860334 0.019521 0.120145
0.442289 0.432528 0.125183
0.264089 0.304716 0.431194
0.436987 0.299556 0.263457
0.218175 0.332958 0.448867
0.485053 0.265734 0.249213
0.448821 0.489870 0.061310
0.082527 0.740538 0.176935
0.648729 0.241129 0.110142
0.674951 0.119442 0.205607
0.528706 0.398916 0.072378
0.197592 0.615639 0.186769
0.357570 0.408873 0.233557
0.189423 0.295227 0.515350
0.790865 0.040604 0.168531
0.224356 0.236528 0.539117
0.500635 0.059071 0.440294
0.358086 0.069276 0.572639
0.048577 0.859406 0.092017
0.315574 0.328639 0.355787
0.364647 0.347097 0.288256
0.544008 0.092920 0.363072
0.284865 0.466341 0.248793
0.299817 0.495655 0.204528
0.136394 0.458040 0.405566
0.242772 0.374129 0.383099
0.234523 0.273254 0.492223
0.137340 0.435325 0.427335
0.356230 0.241790 0.401980
0.370491 0.279703 0.349806
0.367573 0.434078 0.198348
0.452865 0.122859 0.424276
0.537918 0.080351 0.381731
0.106449 0.800189 0.093362
0.460436 0.066012 0.473552
0.367926 0.268183 0.363891
0.402065 0.470458 0.127477
0.455969 0.072204 0.471827
0.130292 0.428272 0.441436
0.264499 0.295072 0.440430
0.423960 0.255915 0.320125
0.798350 0.101249 0.100401
0.076401 0.567031 0.356568
0.438462 0.374323 0.187215
0.470515 0.389553 0.139932
0.436704 0.371290 0.192006
0.097667 0.613009 0.289324
0.229288 0.434011 0.336700
0.428715 0.351502 0.219783
0.183197 0.468721 0.348082
0.497118 0.060352 0.442530
0.470335 0.088647 0.441018
0.593967 0.010537 0.395496
0.519002 0.185023 0.295974
0.265529 0.177897 0.556574
0.410286 0.057435 0.532279
0.440747 0.139197 0.420056
0.060412 0.563318 0.376270
0.396130 0.054237 0.549633
0.070620 0.579604 0.349776
0.410656 0.104366 0.484979
0.940456 0.051818 0.007726
0.035051 0.406729 0.558220
0.207144 0.742767 0.050088
0.320423 0.367740 0.311837
0.445611 0.529423 0.024966
0.244741 0.148833 0.606426
0.335393 0.279968 0.384639
0.144194 0.674853 0.180953
0.138787 0.356796 0.504417
0.477599 0.042259 0.480142
0.026380 0.535486 0.438135
0.384805 0.201781 0.413413
0.443856 0.203038 0.353105
0.473520 0.417838 0.108642
0.522266 0.161426 0.316307
0.307935 0.278698 0.413367
0.140238 0.476312 0.383450
0.654744 0.162172 0.183084
0.276749 0.297973 0.425277
0.371888 0.377351 0.250761
0.337939 0.176425 0.485636
0.411684 0.046712 0.541605
0.374351 0.173478 0.452170
0.296142 0.363475 0.340384
0.374848 0.178004 0.447148
0.342001 0.265062 0.392937
0.223184 0.316443 0.460373
0.385934 0.393394 0.220672
0.322779 0.485687 0.191534
0.582745 0.336316 0.080940
0.075907 0.865675 0.058418
0.356434 0.419433 0.224132
0.294145 0.691826 0.014029
0.405948 0.413426 0.180626
0.178333 0.683694 0.137973
0.160912 0.413945 0.425143
0.435569 0.174411 0.390020
0.408560 0.220321 0.371119
0.014506 0.280557 0.704937
0.140133 0.140269 0.719599
0.417880 0.231252 0.350867
0.627730 0.088334 0.283936
0.320300 0.064270 0.615430
0.414826 0.441389 0.143785
0.160363 0.800093 0.039544
0.231016 0.284947 0.484037
0.507160 0.422516 0.070324
0.142273 0.488361 0.369366
0.311771 0.319118 0.369111
0.059091 0.378586 0.562323
0.197346 0.512463 0.290191
0.355852 0.408772 0.235375
0.381210 0.252690 0.366101
0.242111 0.366544 0.391345
0.072607 0.281477 0.645917
0.541395 0.156791 0.301814
0.162118 0.021733 0.816149
0.327050 0.226276 0.446674
0.007344 0.279875 0.712781
0.280059 0.438307 0.281634
0.218775 0.354171 0.427054
0.290974 0.391487 0.317539
0.501853 0.066654 0.431494
0.260990 0.336399 0.402610
0.424795 0.444154 0.131051
0.392319 0.413708 0.193974
0.128554 0.043948 0.827498
0.247145 0.512296 0.240559
0.440131 0.190124 0.369745
0.056502 0.383490 0.560008
0.509703 0.468983 0.021315
0.698631 0.092142 0.209227
0.305812 0.333124 0.361064
0.354479 0.307139 0.338381
0.052632 0.258559 0.688809
0.611352 0.003295 0.385352
0.604464 0.027094 0.368443
0.492916 0.374948 0.132136
0.406302 0.170876 0.422822
0.226282 0.459176 0.314542
0.201843 0.657630 0.140527
0.072401 0.298096 0.629502
0.377789 0.478415 0.143797
0.356484 0.122509 0.521006
0.429768 0.305817 0.264415
0.210992 0.508833 0.280176
0.234278 0.645993 0.119729
0.292086 0.026291 0.681624
0.447013 0.248070 0.304917
0.417933 0.335185 0.246881
0.193635 0.639930 0.166435
0.182013 0.514356 0.303631
0.369729 0.298095 0.332176
0.339430 0.282565 0.378005
0.115768 0.663310 0.220922
0.258701 0.373365 0.367934
0.223466 0.250360 0.526174
0.278146 0.342217 0.379637
0.503001 0.123186 0.373813
0.058267 0.378197 0.563536
0.514753 0.447971 0.037277
0.865739 0.095783 0.038478
0.315774 0.087434 0.596792
0.580971 0.359857 0.059172
0.198849 0.689663 0.111488
0.571826 0.172615 0.255560
0.476384 0.521446 0.002170
0.112746 0.885969 0.001285
0.376517 0.367723 0.255760
0.204510 0.379761 0.415729
0.310139 0.391448 0.298413
0.337199 0.497490 0.165311
0.250840 0.711832 0.037327
0.342618 0.541288 0.116093
0.042183 0.124429 0.833388
0.039233 0.823532 0.137236
0.110574 0.640400 0.249026
0.278928 0.292255 0.428817
0.003220 0.578570 0.418210
0.089363 0.431074 0.479563
0.153026 0.564982 0.281992
0.300206 0.512723 0.187071
0.413449 0.166530 0.420021
0.482241 0.176622 0.341137
0.740889 0.187137 0.071974
0.646112 0.036422 0.317466
0.326333 0.328923 0.344744
0.171881 0.493920 0.334199
0.125919 0.149539 0.724542
0.101177 0.304518 0.594306
0.003998 0.017713 0.978289
0.352886 0.079345 0.567769
0.425897 0.265289 0.308814
0.293153 0.054528 0.652320
0.159242 0.371179 0.469578
0.020860 0.702939 0.276201
0.490225 0.146771 0.363004
0.331321 0.244382 0.424297
0.345801 0.279329 0.374870
0.509752 0.219928 0.270320
0.009040 0.597487 0.393474
0.287488 0.068116 0.644396
0.315790 0.560569 0.123641
0.712635 0.134687 0.152679
0.421421 0.469492 0.109087
0.221142 0.351940 0.426918
0.226489 0.314729 0.458782
0.346641 0.376444 0.276914
0.053700 0.482897 0.463403
0.718879 0.092451 0.188670
0.419281 0.013444 0.567276
0.185229 0.364366 0.450406
0.291622 0.240029 0.468349
0.355630 0.260097 0.384272
0.578535 0.296299 0.125166
0.413673 0.439885 0.146442
0.134876 0.579292 0.285832
0.727557 0.193885 0.078558
0.384093 0.468051 0.147856
0.219606 0.202606 0.577789
0.601987 0.338218 0.059795
0.223891 0.461885 0.314224
0.585755 0.128479 0.285766
0.153933 0.398329 0.447738
0.320724 0.341800 0.337476
0.822406 0.061377 0.116217
0.321778 0.579379 0.098843
0.425729 0.307530 0.266741
0.287518 0.440842 0.271641
0.397869 0.268743 0.333388
0.279866 0.347384 0.372751
0.438712 0.444114 0.117174
0.488723 0.061638 0.449639
0.083593 0.217677 0.698730
0.175536 0.399464 0.425000
0.137851 0.394603 0.467546
0.507697 0.194795 0.297507
0.383312 0.373742 0.242946
0.366838 0.340097 0.293064
0.339423 0.320818 0.339759
0.491515 0.391830 0.116656
0.081821 0.611247 0.306932
0.578087 0.097751 0.324161
0.428217 0.512069 0.059714
0.089626 0.675771 0.234602
0.420372 0.312549 0.267080
0.316671 0.110239 0.573090
0.407409 0.367491 0.225100
0.109640 0.652419 0.237941
0.042693 0.290956 0.666351
0.292470 0.346004 0.361526
0.136965 0.586813 0.276221
0.397125 0.001454 0.601420
0.356080 0.077480 0.566439
0.143991 0.166236 0.689772
0.241511 0.566312 0.192176
0.397881 0.249742 0.352377
0.300997 0.234625 0.464378
0.292770 0.146477 0.560754
0.638381 0.030314 0.331305
0.341708 0.284197 0.374095
0.360729 0.439508 0.199763
0.467718 0.176373 0.355909
0.242643 0.332364 0.424994
0.282223 0.492675 0.225102
0.468298 0.244115 0.287586
0.672687 0.191174 0.136139
0.342803 0.328490 0.328708
0.037447 0.602806 0.359747
0.418327 0.453613 0.128059
0.628276 0.119914 0.251810
0.128908 0.257926 0.613166
0.554099 0.122757 0.323144
0.313273 0.420118 0.266610
0.215243 0.522959 0.261798
0.480296 0.193609 0.326095
0.018085 0.312218 0.669697
0.310053 0.222792 0.467155
0.503619 0.186443 0.309938
0.343549 0.432497 0.223954
0.120709 0.441656 0.437635
0.333377 0.381418 0.285206
0.384608 0.379306 0.236086
0.343357 0.177840 0.478803
0.260846 0.229708 0.509446
0.287777 0.151371 0.560852
0.832760 0.160078 0.007162
0.173575 0.408203 0.418222
0.136356 0.753031 0.110614
0.249409 0.630114 0.120477
0.132045 0.353414 0.514541
0.474097 0.491617 0.034286
0.117180 0.659545 0.223275
0.537411 0.396877 0.065712
0.586926 0.122630 0.290444
0.321555 0.287151 0.391294
0.250351 0.378390 0.371259
0.392474 0.070995 0.536531
0.561356 0.181002 0.257642
0.376332 0.045118 0.578550
0.181854 0.402865 0.415280
0.531243 0.266563 0.202194
0.371997 0.392660 0.235343
0.470738 0.075680 0.453582
0.124032 0.196384 0.679584
0.562773 0.433020 0.004207
0.355975 0.616648 0.027377
0.401481 0.498405 0.100114
0.082025 0.474810 0.443165
0.374703 0.562964 0.062333
0.286288 0.532367 0.181345
0.380386 0.250674 0.368940
0.445633 0.349515 0.204852
0.193829 0.698191 0.107980
0.198060 0.406178 0.395761
0.378635 0.179840 0.441525
0.112688 0.529170 0.358142
0.176983 0.390241 0.432777
0.684672 0.148518 0.166809
0.395746 0.171960 0.432294
0.295063 0.282618 0.422319
0.900743 0.034633 0.064624
0.444957 0.362902 0.192141
0.204171 0.380215 0.415614
0.456765 0.319461 0.223774
0.364550 0.224143 0.411306
0.906317 0.092134 0.001549
0.116509 0.512179 0.371313
0.110871 0.584291 0.304838
0.323543 0.636017 0.040440
0.215942 0.589093 0.194966
0.684104 0.216046 0.099850
0.257163 0.524735 0.218102
0.099752 0.653493 0.246756
0.466597 0.071663 0.461740
0.240751 0.568912 0.190336
0.462934 0.484786 0.052280
0.125084 0.137874 0.737042
0.069058 0.494720 0.436222
0.353467 0.225775 0.420758
0.057211 0.523327 0.419462
0.403518 0.249243 0.347239
0.099926 0.593522 0.306552
0.263684 0.528753 0.207563
0.358008 0.528479 0.113514
0.519711 0.312614 0.167675
0.471767 0.325920 0.202313
0.272135 0.295648 0.432217
0.409154 0.416302 0.174544
0.244936 0.335814 0.419250
0.273322 0.393913 0.332765
0.308960 0.328195 0.362846
0.094961 0.168138 0.736901
0.335482 0.184105 0.480413
0.405976 0.139266 0.454759
0.421531 0.272871 0.305597
0.036862 0.681233 0.281905
0.608681 0.388078 0.003241
0.029946 0.531957 0.438096
0.015792 0.458959 0.525249
0.509428 0.484877 0.005695
0.385590 0.168027 0.446383
0.307715 0.469090 0.223195
0.113079 0.538761 0.348160
0.219155 0.389563 0.391282
0.521683 0.115151 0.363166
0.648608 0.275899 0.075494
0.437832 0.259758 0.302410
0.483499 0.303497 0.213004
0.403903 0.466498 0.129599
0.413813 0.437689 0.148498
0.254012 0.725764 0.020225
0.311766 0.276842 0.411392
0.131589 0.557135 0.311276
0.549897 0.036262 0.413841
0.590814 0.247328 0.161857
0.297027 0.550526 0.152447
0.433619 0.187728 0.378653
0.563963 0.047530 0.388507
0.453011 0.324478 0.222511
0.428759 0.036238 0.535003
0.495374 0.484396 0.020230
