0.081586 0.801801 0.116613
0.057529 0.706447 0.236024
0.232752 0.767244 0.000004
0.098897 0.322322 0.578781
0.226133 0.628085 0.145783
0.273118 0.572499 0.154383
0.222035 0.777871 0.000094
0.431355 0.519985 0.048659
0.595273 0.404101 0.000626
0.098782 0.646249 0.254970
0.104906 0.895094 0.000000
0.137936 0.758637 0.103427
0.164862 0.703073 0.132065
0.191928 0.386317 0.421756
0.070826 0.806556 0.122618
0.117929 0.805520 0.076550
0.321054 0.641123 0.037823
0.042932 0.957068 0.000000
0.158016 0.739640 0.102344
0.038816 0.626675 0.334510
0.213703 0.736631 0.049666
0.287778 0.712146 0.000076
0.060591 0.740864 0.198545
0.642737 0.107255 0.250008
0.070830 0.768160 0.161010
0.143603 0.680814 0.175583
0.230429 0.296586 0.472985
0.220434 0.736592 0.042974
0.418247 0.581749 0.000005
0.357395 0.642475 0.000130
0.395618 0.603702 0.000680
0.071529 0.925975 0.002495
0.200453 0.799496 0.000051
0.323560 0.660931 0.015509
0.187378 0.812620 0.000002
0.296429 0.549637 0.153934
0.255842 0.742600 0.001558
0.231071 0.654497 0.114432
0.379955 0.554304 0.065741
0.194229 0.805771 0.000000
0.090671 0.624371 0.284958
0.059170 0.940800 0.000030
0.062248 0.749858 0.187895
0.318122 0.680741 0.001137
0.088550 0.911450 0.000000
0.048162 0.898416 0.053423
0.144707 0.709237 0.146056
0.330307 0.570998 0.098695
0.166111 0.665295 0.168594
0.441791 0.475172 0.083037
0.072280 0.737565 0.190155
0.240920 0.331899 0.427182
0.081723 0.901514 0.016763
0.144910 0.311876 0.543214
0.017805 0.375250 0.606946
0.046191 0.864134 0.089675
0.212570 0.750742 0.036688
0.105768 0.886051 0.008182
0.275926 0.459807 0.264268
0.044850 0.593292 0.361859
0.187983 0.598549 0.213468
0.053705 0.946295 0.000000
0.200526 0.700198 0.099275
0.184594 0.775108 0.040298
0.087906 0.912083 0.000011
0.106395 0.621573 0.272032
0.142403 0.545581 0.312016
0.053736 0.934363 0.011901
0.343116 0.656884 0.000000
0.164334 0.835652 0.000014
0.278010 0.662805 0.059185
0.175480 0.724301 0.100219
0.262364 0.244884 0.492752
0.296895 0.648547 0.054558
0.431039 0.485338 0.083623
0.186184 0.635249 0.178567
0.190415 0.648202 0.161383
0.045983 0.844860 0.109157
0.077013 0.899867 0.023121
0.005957 0.287794 0.706250
0.031420 0.174376 0.794204
0.224351 0.549463 0.226186
0.117805 0.881125 0.001070
0.450046 0.339830 0.210125
0.168261 0.750205 0.081534
0.294102 0.705523 0.000376
0.120082 0.562652 0.317267
0.131857 0.836598 0.031545
0.094613 0.889633 0.015754
0.261856 0.536823 0.201321
0.289154 0.709395 0.001451
0.201289 0.628194 0.170518
0.025364 0.580865 0.393771
0.129372 0.792267 0.078361
0.043998 0.792715 0.163287
0.251290 0.748636 0.000074
0.184234 0.374585 0.441181
0.376856 0.428911 0.194233
0.375982 0.455034 0.168983
0.262064 0.737936 0.000000
0.219480 0.714393 0.066127
0.109193 0.889196 0.001611
0.144953 0.624210 0.230837
0.349736 0.628050 0.022214
0.898172 0.101828 0.000000
0.543784 0.456216 0.000001
1.000000 0.000000 0.000000
0.998300 0.001700 0.000000
0.654133 0.345867 0.000000
0.759750 0.240250 0.000000
0.561582 0.438040 0.000377
0.981334 0.000000 0.018666
0.829916 0.170084 0.000000
0.993042 0.006958 0.000000
1.000000 0.000000 0.000000
0.588655 0.411342 0.000003
0.792311 0.207578 0.000111
0.542006 0.196693 0.261301
1.000000 0.000000 0.000000
1.000000 0.000000 0.000000
0.942469 0.057531 0.000000
0.477444 0.517936 0.004620
0.999964 0.000036 0.000000
0.651197 0.216976 0.131827
1.000000 0.000000 0.000000
0.986743 0.013257 0.000000
0.998409 0.000085 0.001506
0.875477 0.124523 0.000000
0.999956 0.000044 0.000000
0.854400 0.120187 0.025413
0.959433 0.036003 0.004564
1.000000 0.000000 0.000000
0.783847 0.001132 0.215021
1.000000 0.000000 0.000000
1.000000 0.000000 0.000000
1.000000 0.000000 0.000000
0.985360 0.014640 0.000000
0.934371 0.065629 0.000000
0.791792 0.208208 0.000000
0.998925 0.001075 0.000000
0.606828 0.393171 0.000000
0.812628 0.000001 0.187371
0.662465 0.000031 0.337504
0.999542 0.000458 0.000000
0.481029 0.383486 0.135486
0.647155 0.352829 0.000017
0.944035 0.055965 0.000000
0.759859 0.240141 0.000000
0.967340 0.032660 0.000000
0.795652 0.204346 0.000002
0.885903 0.114097 0.000000
1.000000 0.000000 0.000000
0.840887 0.159113 0.000000
0.999400 0.000600 0.000000
0.712115 0.287885 0.000000
0.992106 0.007894 0.000000
0.999928 0.000072 0.000000
0.509478 0.409827 0.080695
0.573247 0.426752 0.000000
1.000000 0.000000 0.000000
1.000000 0.000000 0.000000
0.786295 0.213705 0.000000
0.999996 0.000004 0.000000
0.999993 0.000007 0.000000
0.648411 0.351589 0.000000
1.000000 0.000000 0.000000
0.999787 0.000213 0.000000
1.000000 0.000000 0.000000
0.657769 0.342231 0.000000
0.844962 0.155038 0.000000
0.890623 0.109377 0.000000
1.000000 0.000000 0.000000
1.000000 0.000000 0.000000
0.628733 0.258303 0.112964
0.825659 0.174341 0.000000
0.382389 0.617611 0.000000
1.000000 0.000000 0.000000
1.000000 0.000000 0.000000
0.769478 0.230522 0.000000
0.978652 0.021348 0.000000
0.839154 0.160817 0.000029
0.743282 0.256510 0.000208
1.000000 0.000000 0.000000
1.000000 0.000000 0.000000
0.691875 0.183793 0.124333
0.818509 0.181491 0.000000
0.191885 0.755363 0.052753
0.635079 0.355951 0.008970
0.760641 0.239359 0.000000
0.000076 0.000092 0.999832
0.005386 0.038342 0.956272
0.000002 0.000047 0.999951
0.000469 0.001839 0.997692
0.000007 0.000477 0.999516
0.000482 0.003187 0.996331
0.000829 0.000100 0.999071
0.002338 0.000131 0.997531
0.000336 0.000857 0.998807
0.000586 0.000091 0.999323
0.000500 0.000518 0.998982
0.000083 0.000151 0.999765
0.000008 0.000071 0.999920
0.000984 0.000919 0.998097
0.000333 0.000942 0.998725
0.000280 0.001367 0.998353
0.000182 0.000102 0.999716
0.004531 0.011499 0.983970
0.000127 0.001620 0.998252
0.002065 0.000168 0.997766
0.000050 0.000066 0.999884
0.002710 0.095818 0.901472
0.000042 0.002688 0.997269
0.000330 0.000090 0.999580
0.000736 0.000150 0.999114
0.000569 0.001347 0.998084
0.000011 0.000005 0.999984
0.002538 0.000448 0.997014
0.000160 0.001251 0.998589
0.000216 0.000610 0.999174
0.000570 0.001331 0.998099
0.000950 0.034120 0.964931
0.000045 0.000487 0.999467
0.000215 0.000281 0.999504
0.005136 0.000368 0.994495
0.001577 0.002480 0.995943
0.000015 0.000381 0.999604
0.004058 0.011847 0.984094
0.000728 0.000076 0.999195
0.000052 0.000062 0.999886
0.000115 0.003425 0.996460
0.001418 0.061230 0.937352
0.000016 0.000540 0.999444
0.000127 0.008338 0.991535
0.000621 0.000253 0.999127
0.000011 0.000135 0.999853
0.000242 0.000784 0.998974
0.000388 0.002524 0.997088
0.000047 0.000142 0.999811
0.001965 0.000308 0.997727
0.000017 0.000292 0.999690
0.000008 0.000156 0.999836
0.000003 0.000005 0.999992
0.000404 0.000636 0.998961
0.000196 0.000233 0.999571
0.000398 0.000720 0.998882
0.003412 0.000769 0.995820
0.000046 0.000290 0.999664
0.000008 0.000534 0.999458
0.004103 0.000658 0.995239
0.000178 0.000035 0.999787
0.000210 0.000053 0.999737
0.000261 0.006444 0.993295
0.000015 0.001772 0.998213
0.000015 0.000154 0.999831
0.009069 0.000084 0.990847
0.000016 0.000160 0.999824
0.000034 0.000988 0.998978
0.001912 0.001785 0.996302
0.000021 0.001325 0.998654
0.000413 0.000527 0.999060
0.000126 0.001066 0.998808
0.000030 0.000027 0.999943
0.000032 0.000231 0.999737
0.000864 0.023970 0.975166
0.000036 0.000321 0.999643
0.000188 0.000048 0.999764
0.000065 0.000021 0.999915
0.000118 0.000336 0.999545
0.000345 0.000102 0.999553
0.000056 0.000104 0.999840
0.000655 0.000452 0.998893
0.015401 0.000256 0.984342
0.005021 0.001254 0.993724
0.000413 0.000083 0.999504
0.000176 0.000068 0.999757
0.000019 0.008006 0.991975
0.000695 0.000035 0.999270
0.000593 0.005462 0.993945
0.001094 0.000254 0.998652
0.000131 0.000354 0.999514
0.000008 0.000449 0.999543
0.014486 0.038074 0.947441
0.000005 0.000029 0.999966
0.000175 0.001303 0.998523
0.000551 0.001171 0.998278
0.000146 0.000488 0.999365
0.000038 0.000032 0.999930
0.000007 0.000037 0.999956
0.000003 0.001150 0.998846
0.000005 0.000002 0.999992
0.000211 0.015080 0.984709
0.000107 0.001383 0.998510
0.003672 0.001368 0.994960
0.000019 0.000048 0.999933
0.011971 0.000156 0.987873
0.000133 0.000415 0.999453
0.001378 0.005148 0.993474
0.000003 0.000030 0.999967
0.001072 0.000750 0.998178
0.004197 0.002381 0.993422
0.003698 0.007028 0.989274
0.000040 0.000179 0.999781
0.027584 0.972416 0.000000
0.075626 0.924374 0.000000
0.034816 0.965184 0.000000
0.052893 0.947107 0.000000
0.028861 0.971139 0.000000
0.041055 0.958945 0.000000
0.100987 0.899013 0.000000
0.067305 0.932695 0.000000
0.036243 0.963757 0.000000
0.124732 0.875268 0.000000
0.043685 0.956315 0.000000
0.119769 0.880231 0.000000
0.067162 0.932838 0.000000
0.070653 0.929347 0.000000
0.038422 0.961578 0.000000
0.080638 0.919362 0.000000
0.055333 0.944667 0.000000
0.029162 0.970838 0.000000
0.071059 0.928941 0.000000
0.130890 0.869110 0.000000
0.056034 0.943966 0.000000
0.100613 0.899387 0.000000
0.053023 0.946977 0.000000
0.068530 0.931470 0.000000
0.080641 0.919359 0.000000
0.068495 0.931505 0.000000
0.100280 0.899720 0.000000
0.071556 0.928436 0.000009
0.087017 0.912982 0.000000
0.085926 0.914074 0.000000
0.104262 0.895728 0.000010
0.094570 0.905430 0.000000
0.056839 0.943161 0.000000
0.065385 0.934615 0.000000
0.087543 0.912457 0.000000
0.065372 0.934628 0.000000
0.076689 0.923311 0.000000
0.089328 0.910668 0.000003
0.068205 0.931795 0.000000
0.074721 0.925279 0.000000
0.095019 0.904981 0.000000
0.099946 0.900054 0.000000
0.062971 0.937029 0.000000
0.057973 0.942027 0.000000
0.085389 0.914611 0.000000
0.081245 0.918755 0.000000
0.050681 0.949319 0.000000
0.044934 0.955066 0.000000
0.053651 0.946349 0.000000
0.119251 0.880749 0.000000
0.091159 0.908841 0.000000
0.101603 0.898397 0.000000
0.042493 0.943309 0.014199
0.055808 0.944192 0.000000
0.121516 0.878484 0.000000
0.086713 0.913287 0.000000
0.071420 0.928580 0.000000
0.100823 0.899177 0.000000
0.076621 0.923379 0.000000
0.115198 0.884802 0.000000
0.091892 0.908108 0.000000
0.080045 0.919955 0.000000
0.067999 0.932001 0.000000
0.094027 0.905973 0.000000
0.100635 0.899215 0.000151
0.028958 0.971042 0.000000
0.045489 0.954511 0.000000
0.071919 0.928081 0.000000
0.084328 0.915672 0.000000
0.097252 0.902748 0.000000
0.052011 0.947989 0.000000
0.051086 0.948914 0.000000
0.078895 0.921105 0.000000
0.063816 0.936184 0.000000
0.034765 0.965235 0.000000
0.059393 0.940607 0.000000
0.092592 0.907408 0.000000
0.051867 0.948133 0.000000
0.087810 0.912190 0.000000
0.047053 0.952947 0.000000
0.083520 0.916480 0.000000
0.028307 0.971693 0.000000
0.080477 0.919523 0.000000
0.067653 0.932347 0.000000
0.078393 0.921607 0.000000
0.090517 0.909483 0.000000
0.070893 0.929107 0.000000
0.056630 0.943370 0.000000
0.061203 0.938797 0.000000
0.100016 0.899984 0.000000
0.035361 0.964639 0.000000
0.076695 0.923305 0.000000
0.082101 0.917899 0.000000
0.065893 0.934107 0.000000
0.064864 0.935136 0.000000
0.090222 0.909778 0.000000
0.059441 0.940559 0.000000
0.089998 0.910002 0.000000
0.088996 0.911004 0.000000
0.434736 0.048801 0.516463
0.034901 0.254602 0.710497
0.029788 0.228125 0.742087
0.009700 0.105860 0.884441
0.000083 0.000367 0.999550
0.000751 0.155678 0.843571
0.000112 0.000414 0.999474
0.014973 0.085523 0.899504
0.063121 0.410867 0.526012
0.082741 0.425947 0.491311
0.029176 0.437997 0.532828
0.009615 0.349039 0.641345
0.002390 0.005687 0.991924
0.059681 0.325806 0.614513
0.011346 0.035702 0.952952
0.030444 0.303046 0.666510
0.000757 0.045552 0.953691
0.115388 0.001424 0.883188
0.046131 0.426474 0.527395
0.041122 0.743971 0.214907
0.000431 0.017091 0.982478
0.000007 0.000193 0.999801
0.006151 0.224976 0.768872
0.020982 0.497433 0.481584
0.022994 0.432780 0.544226
0.005365 0.001808 0.992827
0.012937 0.092581 0.894483
0.021430 0.284465 0.694105
0.019142 0.459304 0.521554
0.003427 0.082385 0.914188
0.518188 0.080066 0.401746
0.000586 0.002203 0.997210
0.045215 0.473112 0.481673
0.013636 0.125415 0.860949
0.031201 0.128959 0.839840
0.024772 0.162036 0.813192
0.001281 0.086901 0.911818
0.000215 0.031688 0.968098
0.000095 0.000271 0.999634
0.027514 0.512035 0.460451
0.000020 0.000381 0.999599
0.519553 0.000441 0.480006
0.607936 0.392063 0.000001
0.020611 0.456997 0.522392
0.003417 0.417882 0.578701
0.036429 0.276222 0.687349
0.026854 0.382453 0.590694
0.029480 0.228182 0.742337
0.016693 0.292129 0.691178
0.197811 0.136402 0.665787
0.293218 0.191728 0.515054
0.038492 0.339457 0.622051
0.006972 0.125413 0.867615
0.023447 0.057135 0.919419
0.030143 0.152526 0.817330
0.000299 0.090588 0.909113
0.004824 0.105331 0.889845
0.000216 0.000066 0.999718
0.028180 0.284025 0.687795
0.000156 0.000234 0.999611
0.143068 0.166062 0.690870
