0.584333 0.241366 0.174301
0.591390 0.060875 0.347736
0.579168 0.401607 0.019225
0.259593 0.269641 0.470766
0.484755 0.404858 0.110386
0.432133 0.528661 0.039206
0.670012 0.231849 0.098139
0.569922 0.322233 0.107845
0.747762 0.099276 0.152962
0.438284 0.274522 0.287193
0.626437 0.344665 0.028898
0.514449 0.400742 0.084809
0.441842 0.462049 0.096109
0.395262 0.236878 0.367859
0.623164 0.169452 0.207384
0.575363 0.334570 0.090067
0.722024 0.145824 0.132152
0.154159 0.803182 0.042658
0.541712 0.353799 0.104490
0.436251 0.317609 0.246140
0.623351 0.257781 0.118869
0.666302 0.256970 0.076728
0.458808 0.491220 0.049973
0.554652 0.177938 0.267410
0.557987 0.352959 0.089053
0.549296 0.223037 0.227667
0.273201 0.423569 0.303230
0.488321 0.483275 0.028405
0.644522 0.150631 0.204847
0.723475 0.128889 0.147636
0.588191 0.347916 0.063894
0.654585 0.231359 0.114056
0.722694 0.174173 0.103133
0.638740 0.288668 0.072591
0.531565 0.407061 0.061374
0.577400 0.275891 0.146709
0.447640 0.508268 0.044093
0.563623 0.264428 0.171949
0.522631 0.376780 0.100589
0.734227 0.186360 0.079413
0.380521 0.516338 0.103141
0.763377 0.046924 0.189699
0.517833 0.321631 0.160536
0.730580 0.098164 0.171256
0.675391 0.222853 0.101756
0.250238 0.707880 0.041882
0.671179 0.067662 0.261159
0.536478 0.374008 0.089514
0.551045 0.273035 0.175920
0.575370 0.407624 0.017006
0.427187 0.511576 0.061237
0.454220 0.098322 0.447457
0.555784 0.355432 0.088784
0.380129 0.059104 0.560767
0.321025 0.061575 0.617400
0.475846 0.417123 0.107031
0.506854 0.463340 0.029806
0.663075 0.186785 0.150141
0.553545 0.071438 0.375017
0.368035 0.378962 0.253003
0.470664 0.371894 0.157441
0.580590 0.361565 0.057845
0.707604 0.067720 0.224676
0.495156 0.466472 0.038372
0.444321 0.540245 0.015434
0.387450 0.377249 0.235300
0.416810 0.269369 0.313822
0.622562 0.336396 0.041042
0.449301 0.509480 0.041219
0.748125 0.106954 0.144921
0.588542 0.352560 0.058899
0.537359 0.340368 0.122273
0.355399 0.124385 0.520216
0.661442 0.205452 0.133105
0.543470 0.399533 0.056997
0.687430 0.014353 0.298217
0.615273 0.208185 0.176542
0.465907 0.449498 0.084595
0.584416 0.344410 0.071174
0.296984 0.057456 0.645560
0.091238 0.510722 0.398040
0.462431 0.324979 0.212590
0.606724 0.323208 0.070068
0.517558 0.250497 0.231946
0.606922 0.295514 0.097564
0.640602 0.344193 0.015205
0.199579 0.725447 0.074974
0.633054 0.299120 0.067826
0.717728 0.153903 0.128369
0.463601 0.456119 0.080280
0.546109 0.418692 0.035199
0.478420 0.397796 0.123784
0.358735 0.301738 0.339527
0.744710 0.066181 0.189109
0.516793 0.271539 0.211667
0.748913 0.082824 0.168263
0.445610 0.066939 0.487451
0.253114 0.717298 0.029588
0.564069 0.255131 0.180801
0.672956 0.252958 0.074086
0.687547 0.121700 0.190753
0.599863 0.346282 0.053855
0.417013 0.456318 0.126669
0.554764 0.341779 0.103457
0.740111 0.169916 0.089973
0.688144 0.206457 0.105399
0.723807 0.193388 0.082805
0.774877 0.116608 0.108514
0.763796 0.149551 0.086653
0.734034 0.219712 0.046254
0.766936 0.085175 0.147889
0.803362 0.036696 0.159943
0.577743 0.407583 0.014674
0.822377 0.028960 0.148663
0.801984 0.098012 0.100004
0.671518 0.283013 0.045468
0.803685 0.047092 0.149223
0.438525 0.330182 0.231293
0.770967 0.124643 0.104390
0.828881 0.090805 0.080314
0.832541 0.083947 0.083513
0.544835 0.401527 0.053638
0.766399 0.174727 0.058874
0.629062 0.252423 0.118515
0.784867 0.148378 0.066756
0.658083 0.287031 0.054886
0.677532 0.213373 0.109095
0.764809 0.171133 0.064058
0.710161 0.206096 0.083743
0.782255 0.033502 0.184243
0.786840 0.042415 0.170745
0.860471 0.004593 0.134936
0.617267 0.118554 0.264179
0.818533 0.063793 0.117674
0.833765 0.022288 0.143947
0.829094 0.056990 0.113916
0.586584 0.341639 0.071777
0.817748 0.027142 0.155109
0.602196 0.330893 0.066911
0.815523 0.053069 0.131408
0.848350 0.121528 0.030122
0.512938 0.244222 0.242839
0.327539 0.576005 0.096456
0.750229 0.160019 0.089752
0.520572 0.463023 0.016405
0.746687 0.103337 0.149976
0.780980 0.131224 0.087796
0.626119 0.338944 0.034937
0.758834 0.155307 0.085859
0.810816 0.025902 0.163282
0.616217 0.306938 0.076844
0.836653 0.071646 0.091701
0.845697 0.083754 0.070549
0.766161 0.196475 0.037365
0.818895 0.083575 0.097529
0.788682 0.112734 0.098584
0.722436 0.209198 0.068366
0.696586 0.167019 0.136395
0.735198 0.176260 0.088543
0.765578 0.156596 0.077826
0.808168 0.079699 0.112133
0.823676 0.029440 0.146884
0.805826 0.070340 0.123834
0.770472 0.153981 0.075547
0.803298 0.100161 0.096541
0.799292 0.104856 0.095852
0.735138 0.156952 0.107910
0.789075 0.151347 0.059577
0.707323 0.252335 0.040342
0.766194 0.195007 0.038799
0.570154 0.420341 0.009504
0.760626 0.162415 0.076959
0.721584 0.274195 0.004221
0.630472 0.265329 0.104198
0.695443 0.283594 0.020962
0.637943 0.298250 0.063807
0.812129 0.081501 0.106370
0.795103 0.093945 0.110952
0.589167 0.279137 0.131696
0.794367 0.077108 0.128525
0.778609 0.129326 0.092066
0.788824 0.063630 0.147546
0.826762 0.026190 0.147048
0.763322 0.195715 0.040962
0.452158 0.531282 0.016560
0.732905 0.161935 0.105160
0.552303 0.418015 0.029682
0.618060 0.302513 0.079427
0.733479 0.172755 0.093766
0.008811 0.257563 0.733626
0.026589 0.430347 0.543064
0.019994 0.401505 0.578500
0.046873 0.236978 0.716149
0.022850 0.286396 0.690754
0.017455 0.241452 0.741093
0.065894 0.157282 0.776824
0.058094 0.017457 0.924449
0.050555 0.179608 0.769838
0.001904 0.206022 0.792075
0.030554 0.324986 0.644460
0.025272 0.249623 0.725105
0.025274 0.312477 0.662249
0.091568 0.070248 0.838184
0.034306 0.270634 0.695060
0.031810 0.422208 0.545983
0.029810 0.345254 0.624936
0.070426 0.038695 0.890880
0.018939 0.431294 0.549767
0.059789 0.179979 0.760232
0.007761 0.256318 0.735921
0.039537 0.685441 0.275022
0.086252 0.124452 0.789296
0.031272 0.281220 0.687508
0.042096 0.238165 0.719738
0.014422 0.213899 0.771679
0.080560 0.003114 0.916327
0.104331 0.033165 0.862505
0.035498 0.392090 0.572412
0.054446 0.156501 0.789053
0.026477 0.325368 0.648155
0.019717 0.509130 0.471153
0.014059 0.221892 0.764049
0.025869 0.407346 0.566784
0.066356 0.105051 0.828592
0.051420 0.263105 0.685475
0.016233 0.345725 0.638042
0.018499 0.516280 0.465221
0.068151 0.019098 0.912752
0.043616 0.243054 0.713330
0.038591 0.278301 0.683108
0.017977 0.524290 0.457733
0.017210 0.330909 0.651881
0.049372 0.271210 0.679418
0.039239 0.241255 0.719506
0.007740 0.406041 0.586219
0.027393 0.329690 0.642917
0.038040 0.212193 0.749766
0.027531 0.269381 0.703088
0.065998 0.128699 0.805303
0.008933 0.247554 0.743513
0.021427 0.552173 0.426401
0.061076 0.254519 0.684405
0.062206 0.094942 0.842852
0.034748 0.430805 0.534447
0.012534 0.475735 0.511731
0.065201 0.178569 0.756230
0.014642 0.875071 0.110287
0.003273 0.971156 0.025570
0.042756 0.295888 0.661356
0.021006 0.261512 0.717482
0.029100 0.285048 0.685852
0.024368 0.436140 0.539492
0.009729 0.652477 0.337794
0.021412 0.448560 0.530028
0.018361 0.092603 0.889036
0.001830 0.547114 0.451057
0.008044 0.450285 0.541671
0.040798 0.207803 0.751399
0.000378 0.389082 0.610541
0.011785 0.295885 0.692330
0.014633 0.388013 0.597354
0.016769 0.416194 0.567037
0.052643 0.160698 0.786659
0.075673 0.196502 0.727826
0.055068 0.301529 0.643403
0.087139 0.042084 0.870777
0.029643 0.250024 0.720333
0.016997 0.334849 0.648155
0.029557 0.127887 0.842556
0.015277 0.225549 0.759175
0.003737 0.019236 0.977027
0.071335 0.071058 0.857608
0.055722 0.237508 0.706770
0.064466 0.043736 0.891797
0.017474 0.270737 0.711788
0.001934 0.443562 0.554503
0.060187 0.123691 0.816122
0.050134 0.217173 0.732692
0.041954 0.250173 0.707873
0.056430 0.226422 0.717148
0.000899 0.397176 0.601925
0.106523 0.069589 0.823888
0.015861 0.442358 0.541781
0.077234 0.182457 0.740309
0.025919 0.459883 0.514198
0.025071 0.274384 0.700545
0.026538 0.222651 0.750812
0.027193 0.300814 0.671993
0.006139 0.331459 0.662403
0.063017 0.133326 0.803657
0.105243 0.013926 0.880830
0.022895 0.292647 0.684459
0.049359 0.191158 0.759483
0.033635 0.216399 0.749966
0.049101 0.334617 0.616282
0.029795 0.388269 0.581935
0.014251 0.427597 0.558152
0.043641 0.323955 0.632405
0.026682 0.417061 0.556257
0.052262 0.154034 0.793705
0.052310 0.429511 0.518179
0.018980 0.339256 0.641764
0.737115 0.166987 0.095898
0.614907 0.327462 0.057631
0.662405 0.275776 0.061819
0.791067 0.113500 0.095432
0.560905 0.428126 0.010969
0.673715 0.269139 0.057147
0.570950 0.380669 0.048381
0.662675 0.260412 0.076912
0.656624 0.290053 0.053323
0.626056 0.352185 0.021759
0.814213 0.064568 0.121219
0.622992 0.238057 0.138952
0.616349 0.335273 0.048378
0.576449 0.361929 0.061622
0.655531 0.246579 0.097890
0.625112 0.325353 0.049535
0.654823 0.284321 0.060856
0.658890 0.284195 0.056915
0.676551 0.303049 0.020400
0.514692 0.449929 0.035380
0.754648 0.119224 0.126128
0.603067 0.383403 0.013531
0.504633 0.474032 0.021335
0.674331 0.262343 0.063326
0.765949 0.121019 0.113032
0.632675 0.327083 0.040242
0.521390 0.454233 0.024377
0.506941 0.384761 0.108298
0.619979 0.301125 0.078896
0.535388 0.432629 0.031984
0.806211 0.001663 0.192126
0.765340 0.082987 0.151673
0.677458 0.184000 0.138542
0.570495 0.404319 0.025186
0.667288 0.245208 0.087504
0.678750 0.230910 0.090340
0.731759 0.126876 0.141366
0.781296 0.044605 0.174099
0.662119 0.251294 0.086587
0.613178 0.348122 0.038700
0.737387 0.154030 0.108583
0.643161 0.270953 0.085886
0.630638 0.336015 0.033347
0.700758 0.225442 0.073800
0.696878 0.245937 0.057185
0.671693 0.264033 0.064275
0.446480 0.520967 0.032553
0.651892 0.325545 0.022563
0.763890 0.146178 0.089931
0.687095 0.219276 0.093629
0.757350 0.137483 0.105167
0.591792 0.351758 0.056450
0.551617 0.407126 0.041257
0.729224 0.183427 0.087349
0.450352 0.451189 0.098458
0.682706 0.214195 0.103099
0.719422 0.189325 0.091253
0.643558 0.320512 0.035930
0.583980 0.365965 0.050054
0.641603 0.306233 0.052164
0.636914 0.316436 0.046649
0.721249 0.161568 0.117183
0.659137 0.247647 0.093216
0.716261 0.159683 0.124056
0.710002 0.280720 0.009279
0.606494 0.346969 0.046537
0.494778 0.495701 0.009522
0.596773 0.387501 0.015726
0.644980 0.289355 0.065666
0.599236 0.392218 0.008545
0.494699 0.480494 0.024808
0.630270 0.352477 0.017253
0.761096 0.140665 0.098239
0.707501 0.222642 0.069857
0.596351 0.351485 0.052165
0.770085 0.089509 0.140406
0.706367 0.204959 0.088674
0.788018 0.056891 0.155092
0.612649 0.337607 0.049745
0.697092 0.252610 0.050298
0.599627 0.351683 0.048691
0.757588 0.098999 0.143413
0.690349 0.198567 0.111083
0.636790 0.362241 0.000969
0.587514 0.408059 0.004427
0.591693 0.389168 0.019139
0.553731 0.399845 0.046424
0.607688 0.383514 0.008798
0.583116 0.394497 0.022387
0.691554 0.225585 0.082861
0.667702 0.289983 0.042314
0.516567 0.472155 0.011279
0.558529 0.386112 0.055359
0.739868 0.166578 0.093554
0.568550 0.393533 0.037917
0.621398 0.314903 0.063699
0.759108 0.179061 0.061831
0.717322 0.173255 0.109424
0.673010 0.243421 0.083569
0.436078 0.090685 0.473237
0.149994 0.437326 0.412680
0.107751 0.398119 0.494130
0.086585 0.340564 0.572852
0.043512 0.197739 0.758748
0.102287 0.606667 0.291045
0.010908 0.359851 0.629241
0.024978 0.465242 0.509779
0.161185 0.704542 0.134272
0.184201 0.609403 0.206396
0.298704 0.361199 0.340098
0.150696 0.509041 0.340263
0.009422 0.447727 0.542851
0.315578 0.096472 0.587950
0.027996 0.518539 0.453465
0.137608 0.617963 0.244429
0.056102 0.144397 0.799501
0.027466 0.415750 0.556784
0.299168 0.303446 0.397386
0.305009 0.564347 0.130644
0.053748 0.274409 0.671843
0.007162 0.378140 0.614698
0.072674 0.518653 0.408673
0.209797 0.614493 0.175710
0.264185 0.387680 0.348135
0.055299 0.319573 0.625128
0.067686 0.310892 0.621423
0.148948 0.463848 0.387204
0.241217 0.405559 0.353224
0.059671 0.343181 0.597148
0.407099 0.273507 0.319395
0.028227 0.145124 0.826649
0.362212 0.212983 0.424805
0.134891 0.144588 0.720522
0.116109 0.302180 0.581711
0.012949 0.571693 0.415357
0.039393 0.856309 0.104297
0.005228 0.417595 0.577177
0.002038 0.323035 0.674927
0.219164 0.756991 0.023845
0.046810 0.198865 0.754325
0.296530 0.420332 0.283138
0.598973 0.339060 0.061967
0.251231 0.393719 0.355050
0.313306 0.175488 0.511205
0.195147 0.395064 0.409789
0.258654 0.309825 0.431521
0.156408 0.353441 0.490151
0.106238 0.591996 0.301766
0.185366 0.426449 0.388185
0.176859 0.748053 0.075088
0.234845 0.296961 0.468194
0.028807 0.505214 0.465979
0.148710 0.054537 0.796754
0.136563 0.316098 0.547339
0.030596 0.539632 0.429771
0.111770 0.208048 0.680182
0.082036 0.056560 0.861404
0.201613 0.314866 0.483521
0.083567 0.041131 0.875302
0.114795 0.717138 0.168067
