0.164029 0.341754 0.494217
0.218368 0.404667 0.376965
0.000010 0.999980 0.000010
0.000010 0.999980 0.000010
0.000010 0.999980 0.000010
0.000010 0.959203 0.040787
0.000010 0.527699 0.472291
0.000010 0.712914 0.287076
0.158249 0.272427 0.569324
0.080286 0.490350 0.429364
0.000010 0.999980 0.000010
0.289904 0.560086 0.150010
0.039185 0.467795 0.493019
0.237831 0.449979 0.312190
0.224439 0.361188 0.414373
0.098738 0.434191 0.467072
0.167300 0.832690 0.000010
0.235496 0.524255 0.240249
0.195771 0.426576 0.377653
0.000010 0.949634 0.050356
0.000010 0.999980 0.000010
0.077917 0.625073 0.297010
0.000010 0.999980 0.000010
0.360692 0.398465 0.240842
0.000010 0.716060 0.283930
0.000010 0.999980 0.000010
0.164125 0.679789 0.156086
0.095168 0.481322 0.423510
0.217009 0.678794 0.104197
0.000010 0.999980 0.000010
0.358820 0.418451 0.222729
0.000010 0.577563 0.422427
0.000010 0.999980 0.000010
0.000010 0.854875 0.145115
0.146458 0.435145 0.418396
0.248737 0.539051 0.212212
0.216747 0.427960 0.355293
0.000010 0.999980 0.000010
0.108007 0.000010 0.891983
0.297242 0.467797 0.234961
0.131396 0.670068 0.198535
0.115453 0.692722 0.191825
0.203174 0.584299 0.212527
0.374994 0.362632 0.262374
0.000010 0.999980 0.000010
0.000010 0.586417 0.413573
0.127211 0.433423 0.439367
0.000010 0.801786 0.198204
0.000010 0.469256 0.530734
0.000010 0.713944 0.286046
0.272262 0.727728 0.000010
0.024501 0.506492 0.469007
0.146148 0.449770 0.404083
0.153474 0.201626 0.644901
0.000010 0.438597 0.561393
0.999980 0.000010 0.000010
0.490251 0.445707 0.064042
0.999980 0.000010 0.000010
0.999980 0.000010 0.000010
0.724270 0.275720 0.000010
0.907589 0.000010 0.092401
0.999980 0.000010 0.000010
0.470227 0.529763 0.000010
0.682098 0.000010 0.317892
0.999980 0.000010 0.000010
0.605083 0.394907 0.000010
0.684618 0.203536 0.111846
0.999980 0.000010 0.000010
0.999980 0.000010 0.000010
0.999980 0.000010 0.000010
0.774102 0.105560 0.120338
0.549881 0.450109 0.000010
0.000010 0.481356 0.518634
0.305101 0.245200 0.449699
0.000010 0.683142 0.316848
0.091858 0.519917 0.388225
0.000010 0.643128 0.356862
0.054223 0.364839 0.580938
0.051952 0.343478 0.604570
0.152767 0.623978 0.223254
0.066039 0.000010 0.933951
0.000776 0.999214 0.000010
0.033889 0.478035 0.488076
0.000010 0.999980 0.000010
0.085526 0.442960 0.471514
0.238464 0.641750 0.119786
0.257137 0.434886 0.307977
0.262677 0.297876 0.439447
0.000010 0.999980 0.000010
0.215764 0.610703 0.173533
0.102423 0.550900 0.346677
0.069912 0.161339 0.768749
0.179091 0.740475 0.080434
0.000010 0.585928 0.414062
0.161848 0.265433 0.572719
0.038836 0.639674 0.321490
0.081469 0.377353 0.541178
0.180907 0.302664 0.516429
0.000010 0.332660 0.667330
0.000010 0.624991 0.374999
0.039142 0.585070 0.375788
0.007701 0.742131 0.250168
0.000010 0.841372 0.158618
0.999980 0.000010 0.000010
0.999980 0.000010 0.000010
0.489662 0.219426 0.290911
0.999980 0.000010 0.000010
0.999980 0.000010 0.000010
0.999980 0.000010 0.000010
0.999980 0.000010 0.000010
0.999980 0.000010 0.000010
0.809888 0.190102 0.000010
0.999980 0.000010 0.000010
0.271876 0.306508 0.421616
0.999980 0.000010 0.000010
0.702912 0.297078 0.000010
0.999980 0.000010 0.000010
0.999980 0.000010 0.000010
0.999980 0.000010 0.000010
0.999980 0.000010 0.000010
0.735569 0.244101 0.020330
0.615082 0.290940 0.093978
0.652014 0.107620 0.240366
0.999980 0.000010 0.000010
0.999980 0.000010 0.000010
0.999980 0.000010 0.000010
0.674505 0.197505 0.127990
0.601003 0.398987 0.000010
0.999980 0.000010 0.000010
0.784715 0.000010 0.215275
0.782868 0.217122 0.000010
0.835459 0.164531 0.000010
0.491620 0.262614 0.245766
0.999980 0.000010 0.000010
0.999980 0.000010 0.000010
0.999980 0.000010 0.000010
0.999980 0.000010 0.000010
0.999980 0.000010 0.000010
0.982232 0.000010 0.017758
0.539580 0.000010 0.460410
0.459623 0.540367 0.000010
0.999980 0.000010 0.000010
0.488500 0.511490 0.000010
0.611584 0.132418 0.255997
0.771482 0.228508 0.000010
0.999980 0.000010 0.000010
0.485926 0.514064 0.000010
0.546817 0.430023 0.023160
0.999980 0.000010 0.000010
0.598972 0.401018 0.000010
0.672572 0.193058 0.134370
0.999980 0.000010 0.000010
0.805645 0.000010 0.194345
0.445529 0.468579 0.085892
0.999980 0.000010 0.000010
0.903588 0.000010 0.096402
0.999980 0.000010 0.000010
0.217975 0.387768 0.394258
0.999980 0.000010 0.000010
0.923264 0.000010 0.076726
0.498648 0.501342 0.000010
0.858816 0.000010 0.141174
0.999980 0.000010 0.000010
0.803969 0.000010 0.196021
0.535842 0.344520 0.119637
0.999980 0.000010 0.000010
0.567028 0.432962 0.000010
0.647196 0.352794 0.000010
0.712380 0.287610 0.000010
0.999980 0.000010 0.000010
0.999980 0.000010 0.000010
0.999980 0.000010 0.000010
0.999980 0.000010 0.000010
0.390050 0.609940 0.000010
0.999980 0.000010 0.000010
0.999980 0.000010 0.000010
0.999980 0.000010 0.000010
0.999980 0.000010 0.000010
0.620129 0.162384 0.217487
0.890225 0.000010 0.109765
0.482568 0.139622 0.377810
0.999980 0.000010 0.000010
0.999980 0.000010 0.000010
0.999980 0.000010 0.000010
0.706052 0.293938 0.000010
0.146613 0.663974 0.189412
0.000010 0.000010 0.999980
0.000010 0.170879 0.829111
0.000010 0.368001 0.631989
0.000010 0.487573 0.512417
0.000010 0.999980 0.000010
0.002337 0.253398 0.744264
0.052214 0.406453 0.541333
0.001543 0.538859 0.459599
0.088708 0.611534 0.299758
0.000010 0.241907 0.758083
0.063048 0.611413 0.325539
0.000010 0.999980 0.000010
0.041969 0.240768 0.717263
0.028881 0.579699 0.391420
0.091846 0.000010 0.908144
0.044553 0.000010 0.955437
0.000010 0.730776 0.269214
0.000010 0.206983 0.793007
0.134265 0.144593 0.721142
0.062512 0.447271 0.490218
0.034700 0.297826 0.667474
0.000010 0.515354 0.484636
0.018951 0.356628 0.624420
0.000010 0.235022 0.764968
0.031773 0.036009 0.932218
0.219128 0.000010 0.780862
0.151107 0.148747 0.700147
0.000010 0.508474 0.491516
0.066673 0.333639 0.599689
0.205027 0.329880 0.465093
0.203051 0.369920 0.427029
0.072664 0.767333 0.160002
0.000010 0.522482 0.477508
0.052544 0.629320 0.318137
0.000010 0.000010 0.999980
0.208141 0.284776 0.507083
0.000010 0.313055 0.686935
0.000010 0.000010 0.999980
0.000010 0.099647 0.900343
0.001566 0.684497 0.313936
0.121587 0.322191 0.556222
0.000010 0.169304 0.830686
0.000010 0.085445 0.914545
0.000010 0.217663 0.782327
0.000010 0.407043 0.592947
0.200008 0.059058 0.740934
0.000010 0.000010 0.999980
0.084986 0.247231 0.667783
0.033971 0.203882 0.762147
0.000013 0.000010 0.999977
0.173215 0.112539 0.714246
0.094756 0.226584 0.678660
0.170253 0.314123 0.515624
0.000010 0.326888 0.673102
0.186639 0.321942 0.491420
0.205000 0.000010 0.794990
0.114590 0.047084 0.838326
0.181746 0.280055 0.538199
0.000010 0.461811 0.538179
0.065228 0.000010 0.934762
0.099181 0.000010 0.900809
0.112446 0.278006 0.609548
0.000010 0.000010 0.999980
0.021988 0.335444 0.642568
0.305655 0.105915 0.588430
0.186628 0.558864 0.254507
0.113855 0.043486 0.842660
0.086695 0.003787 0.909518
0.000010 0.000010 0.999980
0.043718 0.398142 0.558141
0.117047 0.140401 0.742552
0.000010 0.574734 0.425256
0.000010 0.549328 0.450662
0.096855 0.500098 0.403047
0.000010 0.999980 0.000010
0.070945 0.180729 0.748326
0.000010 0.391914 0.608076
0.000010 0.370124 0.629866
0.000010 0.402083 0.597907
0.000059 0.000010 0.999931
0.000010 0.000010 0.999980
0.000010 0.332798 0.667192
0.000010 0.357162 0.642828
0.194361 0.573123 0.232517
0.000010 0.584427 0.415563
0.000010 0.692737 0.307253
0.172105 0.210360 0.617535
0.117554 0.306975 0.575470
0.000010 0.563474 0.436516
0.000010 0.445448 0.554542
0.000010 0.543440 0.456550
0.032974 0.322177 0.644849
0.007705 0.562278 0.430018
0.000010 0.405205 0.594785
0.000010 0.999980 0.000010
0.000010 0.577592 0.422398
0.082841 0.595187 0.321972
0.186998 0.192396 0.620605
0.045782 0.187430 0.766788
0.000010 0.407094 0.592896
0.000010 0.241565 0.758425
0.299138 0.279502 0.421360
0.155637 0.417691 0.426672
0.194414 0.012676 0.792910
0.181864 0.128749 0.689387
0.112741 0.229699 0.657560
0.043723 0.182521 0.773757
0.000010 0.318951 0.681039
0.015129 0.458142 0.526729
0.166984 0.184178 0.648839
0.167642 0.617985 0.214373
0.206855 0.390590 0.402555
0.000010 0.999980 0.000010
0.000010 0.902006 0.097984
0.178852 0.615630 0.205518
0.401805 0.589701 0.008494
0.316218 0.367639 0.316143
0.055959 0.541507 0.402533
0.000010 0.921613 0.078377
0.112331 0.689284 0.198385
0.000010 0.356667 0.643323
0.000010 0.999980 0.000010
0.195045 0.240151 0.564804
0.079095 0.501783 0.419123
0.115436 0.302534 0.582031
0.186824 0.363606 0.449570
0.028055 0.556729 0.415215
0.159292 0.840698 0.000010
0.000010 0.519480 0.480510
0.000010 0.999980 0.000010
0.027961 0.972029 0.000010
0.000010 0.436936 0.563054
0.315670 0.262017 0.422313
0.250511 0.333035 0.416454
0.146739 0.685835 0.167426
0.157697 0.288968 0.553335
0.181346 0.634166 0.184487
0.115898 0.375183 0.508919
0.000010 0.776856 0.223134
0.057968 0.474576 0.467456
0.004569 0.712028 0.283404
0.074733 0.387117 0.538149
0.042952 0.957038 0.000010
0.099889 0.690167 0.209944
0.176854 0.493030 0.330116
0.123836 0.316060 0.560103
0.172116 0.625380 0.202504
0.000010 0.505881 0.494109
0.284337 0.354203 0.361460
0.011017 0.524859 0.464124
0.000010 0.999980 0.000010
0.172951 0.681631 0.145418
0.015452 0.696105 0.288443
0.023202 0.333701 0.643097
0.188040 0.542676 0.269283
0.000010 0.999980 0.000010
0.003493 0.662707 0.333800
0.012907 0.524811 0.462282
0.000010 0.999980 0.000010
0.007322 0.737700 0.254978
0.217830 0.550374 0.231796
0.238482 0.333431 0.428087
0.102321 0.631338 0.266341
0.000010 0.999980 0.000010
0.279895 0.417656 0.302449
0.082523 0.372320 0.545157
0.103016 0.428672 0.468312
0.180880 0.178854 0.640266
0.206977 0.571241 0.221782
0.115966 0.580568 0.303466
0.151495 0.378979 0.469526
0.000010 0.413567 0.586423
0.131907 0.209993 0.658100
0.023800 0.976190 0.000010
0.098427 0.110639 0.790934
0.131812 0.605540 0.262648
0.009612 0.495224 0.495164
0.136813 0.545051 0.318135
0.160577 0.434648 0.404775
0.076984 0.606886 0.316131
0.000010 0.452393 0.547597
0.126802 0.873188 0.000010
0.134389 0.342069 0.523542
0.276794 0.167735 0.555471
0.160881 0.726138 0.112980
0.075656 0.924334 0.000010
0.044066 0.287070 0.668863
0.000010 0.515741 0.484249
0.000010 0.999980 0.000010
0.085374 0.698725 0.215901
0.163965 0.293448 0.542586
0.075251 0.574643 0.350106
0.000010 0.672920 0.327070
0.175988 0.824002 0.000010
0.000010 0.689473 0.310517
0.080834 0.506318 0.412848
0.000010 0.999980 0.000010
0.000010 0.999980 0.000010
0.193446 0.483763 0.322790
0.000010 0.620625 0.379365
0.084643 0.915347 0.000010
0.073989 0.391238 0.534773
0.076200 0.496567 0.427233
0.000010 0.654898 0.345092
0.000010 0.999980 0.000010
0.000010 0.999980 0.000010
0.101001 0.529192 0.369806
0.000010 0.999980 0.000010
0.000010 0.729188 0.270802
0.000010 0.000010 0.999980
0.000010 0.212557 0.787433
0.056639 0.329004 0.614357
0.043634 0.203287 0.753079
0.000010 0.000010 0.999980
0.000010 0.190562 0.809428
0.146477 0.000010 0.853513
0.000010 0.000010 0.999980
0.000010 0.000010 0.999980
0.000010 0.517637 0.482353
0.000010 0.119283 0.880707
0.000010 0.380598 0.619392
0.000010 0.000010 0.999980
0.003399 0.000010 0.996591
0.100098 0.000010 0.899892
0.061682 0.156838 0.781479
0.129782 0.000010 0.870208
0.000010 0.000010 0.999980
0.000010 0.000010 0.999980
0.016793 0.314234 0.668972
0.015121 0.341563 0.643316
0.000010 0.000010 0.999980
0.000010 0.000010 0.999980
0.000010 0.303492 0.696498
0.100902 0.414519 0.484579
0.000010 0.000010 0.999980
0.106218 0.270286 0.623496
0.000010 0.345756 0.654234
0.116423 0.213869 0.669708
0.000010 0.179531 0.820459
0.000010 0.000010 0.999980
0.132860 0.101229 0.765911
0.000010 0.294435 0.705555
0.000010 0.372715 0.627275
0.000010 0.452889 0.547101
0.000010 0.000010 0.999980
0.000010 0.000010 0.999980
0.046030 0.156332 0.797638
0.000010 0.000010 0.999980
0.000010 0.373654 0.626336
0.164717 0.157162 0.678122
0.038655 0.468579 0.492767
0.000010 0.466415 0.533575
0.025015 0.000010 0.974975
0.000010 0.471038 0.528952
0.096848 0.205017 0.698135
0.000010 0.127720 0.872270
0.000010 0.000010 0.999980
0.000010 0.227878 0.772112
0.000010 0.000010 0.999980
0.000010 0.302368 0.697622
0.294657 0.414468 0.290876
0.000010 0.000010 0.999980
0.000010 0.208674 0.791316
0.000010 0.103298 0.896692
0.018778 0.342192 0.639030
0.071815 0.402708 0.525477
0.033732 0.386631 0.579637
0.025005 0.366441 0.608554
0.049432 0.201157 0.749411
0.030425 0.316965 0.652610
0.000010 0.179549 0.820441
0.139101 0.000010 0.860889
0.049254 0.185135 0.765610
0.005368 0.000010 0.994622
0.000010 0.223101 0.776889
0.000010 0.461030 0.538960
0.051108 0.419842 0.529050
0.000010 0.000010 0.999980
0.000010 0.000010 0.999980
0.000010 0.177283 0.822707
0.272974 0.018431 0.708595
0.042779 0.000010 0.957211
0.118777 0.246034 0.635188
0.000010 0.000010 0.999980
0.000010 0.395089 0.604901
0.000010 0.000010 0.999980
0.000010 0.277432 0.722558
0.000010 0.284880 0.715110
0.065740 0.489484 0.444776
0.006397 0.308834 0.684769
0.049763 0.150688 0.799549
0.142578 0.000010 0.857412
0.000010 0.114216 0.885774
0.000010 0.271489 0.728501
0.000010 0.441517 0.558473
0.000010 0.252523 0.747467
0.000010 0.276917 0.723073
0.000010 0.083854 0.916136
0.000010 0.292056 0.707934
0.000010 0.000010 0.999980
0.106609 0.204058 0.689333
0.036231 0.184392 0.779377
0.000010 0.234123 0.765867
0.000010 0.000010 0.999980
0.032059 0.322746 0.645196
0.031698 0.405280 0.563023
0.087519 0.000010 0.912471
0.028022 0.205670 0.766308
0.000010 0.000010 0.999980
0.000010 0.022763 0.977227
0.000010 0.387315 0.612675
0.150235 0.000010 0.849755
0.064162 0.508677 0.427160
0.000010 0.215155 0.784835
0.000010 0.414279 0.585711
0.000010 0.482499 0.517491
