0.106485 0.239388 0.214476 0.163200 0.276451
0.132329 0.000010 0.324468 0.194757 0.348436
0.000010 0.000010 0.000010 0.000010 0.999960
0.000010 0.000010 0.205441 0.000010 0.794529
0.000010 0.000010 0.000010 0.140408 0.859562
0.000010 0.000010 0.042762 0.000010 0.957208
0.000010 0.064528 0.249835 0.318629 0.366998
0.000010 0.181417 0.252314 0.027997 0.538262
0.000010 0.239421 0.760549 0.000010 0.000010
0.000010 0.000010 0.651180 0.000010 0.348790
0.000010 0.173325 0.246300 0.000010 0.580355
0.146837 0.000010 0.238832 0.127441 0.486879
0.000010 0.619418 0.380552 0.000010 0.000010
0.168747 0.253171 0.528943 0.000010 0.049129
0.122295 0.000010 0.540888 0.089883 0.246924
0.080905 0.173877 0.190099 0.307858 0.247260
0.194371 0.248172 0.000010 0.005807 0.551640
0.241442 0.455882 0.070413 0.085331 0.146932
0.109812 0.341212 0.360122 0.000010 0.188843
0.000010 0.000010 0.293477 0.000010 0.706493
0.000010 0.437285 0.000010 0.000010 0.562685
0.000010 0.000010 0.522116 0.000010 0.477854
0.000010 0.350957 0.270020 0.000010 0.379003
0.264375 0.233563 0.225286 0.000010 0.276766
0.000010 0.000010 0.108398 0.249013 0.642569
0.000010 0.000010 0.000010 0.000010 0.999960
0.000010 0.000010 0.597825 0.000010 0.402145
0.099778 0.210375 0.043593 0.319343 0.326911
0.197465 0.000010 0.022466 0.191812 0.588247
0.000010 0.000010 0.000010 0.000010 0.999960
0.037978 0.000010 0.961992 0.000010 0.000010
0.000010 0.437939 0.265504 0.000010 0.296537
0.000010 0.092357 0.306904 0.000010 0.600718
0.000010 0.647410 0.000010 0.000010 0.352560
0.000010 0.000010 0.999960 0.000010 0.000010
0.148338 0.293963 0.318733 0.000010 0.238956
0.073711 0.000010 0.363869 0.164144 0.398266
0.000010 0.458855 0.000010 0.000010 0.541115
0.000010 0.000010 0.534666 0.465304 0.000010
0.310942 0.481472 0.017517 0.000010 0.190059
0.118318 0.170378 0.000010 0.141057 0.570236
0.028666 0.524242 0.000010 0.000010 0.447072
0.083164 0.000010 0.000010 0.245302 0.671513
0.290407 0.277530 0.210430 0.000010 0.221622
0.000010 0.081696 0.445176 0.000010 0.473107
0.000010 0.080739 0.190186 0.313420 0.415645
0.064099 0.000010 0.391736 0.232421 0.311734
0.000010 0.155436 0.298800 0.000010 0.545744
0.000010 0.000010 0.300380 0.386130 0.313470
0.000010 0.252132 0.306463 0.000010 0.441385
0.203521 0.000010 0.000010 0.000010 0.796449
0.036887 0.214522 0.114709 0.329236 0.304645
0.109518 0.035034 0.412924 0.165866 0.276658
0.086210 0.307311 0.227024 0.252949 0.126506
0.000010 0.207063 0.334077 0.116708 0.342142
0.889297 0.000010 0.110673 0.000010 0.000010
0.325246 0.000010 0.348031 0.000010 0.326703
0.999960 0.000010 0.000010 0.000010 0.000010
0.999960 0.000010 0.000010 0.000010 0.000010
0.711075 0.000010 0.000010 0.000010 0.288895
0.812787 0.000010 0.000010 0.187183 0.000010
0.829116 0.000010 0.114523 0.000010 0.056341
0.368224 0.000010 0.000010 0.000010 0.631746
0.584597 0.263709 0.151674 0.000010 0.000010
0.804244 0.195726 0.000010 0.000010 0.000010
0.479216 0.123583 0.071584 0.000010 0.325607
0.655439 0.000010 0.226482 0.003611 0.114458
0.999960 0.000010 0.000010 0.000010 0.000010
0.999960 0.000010 0.000010 0.000010 0.000010
0.762123 0.000010 0.237847 0.000010 0.000010
0.681920 0.000010 0.000010 0.212121 0.105940
0.593904 0.282187 0.000010 0.000010 0.123889
0.000010 0.000010 0.000010 0.543811 0.456159
0.152160 0.036501 0.620772 0.103418 0.087148
0.000010 0.520542 0.069131 0.000010 0.410307
0.027842 0.286578 0.292927 0.062917 0.329737
0.000010 0.000010 0.000010 0.412892 0.587078
0.000010 0.284887 0.459014 0.106132 0.149957
0.000010 0.084586 0.595133 0.222165 0.098106
0.156411 0.416264 0.035289 0.000010 0.392026
0.000010 0.348579 0.651391 0.000010 0.000010
0.046354 0.287051 0.000010 0.000010 0.666575
0.000010 0.665782 0.334188 0.000010 0.000010
0.000010 0.000010 0.326598 0.000010 0.673372
0.001365 0.000010 0.384269 0.345632 0.268724
0.000010 0.000010 0.766147 0.000010 0.233823
0.066430 0.188733 0.607937 0.000010 0.136890
0.128289 0.000010 0.421317 0.295537 0.154846
0.000010 0.000010 0.071935 0.295210 0.632835
0.174838 0.262789 0.068161 0.000010 0.494202
0.000010 0.000010 0.432440 0.166604 0.400936
0.000010 0.000010 0.635929 0.364041 0.000010
0.121720 0.077872 0.289556 0.000010 0.510842
0.000010 0.233154 0.307633 0.167432 0.291771
0.086527 0.348472 0.534147 0.030844 0.000010
0.037533 0.304065 0.000010 0.259936 0.398455
0.000010 0.299587 0.700383 0.000010 0.000010
0.061502 0.000010 0.402132 0.321881 0.214475
0.000010 0.504805 0.495165 0.000010 0.000010
0.000010 0.000010 0.229290 0.201242 0.569448
0.000010 0.342023 0.657947 0.000010 0.000010
0.000010 0.518730 0.477846 0.000010 0.003404
0.000010 0.262831 0.000010 0.000010 0.737139
0.999960 0.000010 0.000010 0.000010 0.000010
0.999960 0.000010 0.000010 0.000010 0.000010
0.407987 0.000010 0.078926 0.283556 0.229521
0.999960 0.000010 0.000010 0.000010 0.000010
0.999960 0.000010 0.000010 0.000010 0.000010
0.999960 0.000010 0.000010 0.000010 0.000010
0.664695 0.000010 0.335275 0.000010 0.000010
0.999960 0.000010 0.000010 0.000010 0.000010
0.733307 0.054635 0.000010 0.000010 0.212038
0.999960 0.000010 0.000010 0.000010 0.000010
0.124310 0.000010 0.409482 0.323656 0.142542
0.822910 0.000010 0.000010 0.000010 0.177060
0.657628 0.000010 0.000010 0.000010 0.342342
0.700791 0.000010 0.299179 0.000010 0.000010
0.999960 0.000010 0.000010 0.000010 0.000010
0.786672 0.000010 0.213298 0.000010 0.000010
0.999960 0.000010 0.000010 0.000010 0.000010
0.719582 0.000010 0.000010 0.141965 0.138433
0.616595 0.000010 0.000010 0.153848 0.229537
0.514765 0.000010 0.485205 0.000010 0.000010
0.999960 0.000010 0.000010 0.000010 0.000010
0.862215 0.000010 0.137755 0.000010 0.000010
0.999960 0.000010 0.000010 0.000010 0.000010
0.466662 0.000010 0.533308 0.000010 0.000010
0.517401 0.000010 0.000010 0.000010 0.482569
0.999960 0.000010 0.000010 0.000010 0.000010
0.376415 0.000010 0.623555 0.000010 0.000010
0.662976 0.000010 0.000010 0.000010 0.336994
0.685349 0.000010 0.180016 0.000010 0.134615
0.484991 0.364062 0.000010 0.058356 0.092580
0.999960 0.000010 0.000010 0.000010 0.000010
0.999960 0.000010 0.000010 0.000010 0.000010
0.999960 0.000010 0.000010 0.000010 0.000010
0.792720 0.000010 0.207250 0.000010 0.000010
0.999960 0.000010 0.000010 0.000010 0.000010
0.736120 0.263850 0.000010 0.000010 0.000010
0.381165 0.000010 0.360037 0.258778 0.000010
0.438682 0.109465 0.000010 0.038569 0.413274
0.664223 0.000010 0.335747 0.000010 0.000010
0.449001 0.000010 0.000010 0.000010 0.550969
0.645148 0.354822 0.000010 0.000010 0.000010
0.691843 0.000010 0.000010 0.000010 0.308127
0.769618 0.000010 0.230352 0.000010 0.000010
0.477994 0.000010 0.000010 0.000010 0.521976
0.469880 0.201427 0.000010 0.000010 0.328673
0.999960 0.000010 0.000010 0.000010 0.000010
0.599050 0.000010 0.000010 0.149838 0.251091
0.681283 0.274518 0.000010 0.000010 0.044179
0.856509 0.143461 0.000010 0.000010 0.000010
0.416380 0.000010 0.583590 0.000010 0.000010
0.286122 0.000010 0.420663 0.000010 0.293196
0.999960 0.000010 0.000010 0.000010 0.000010
0.602143 0.000010 0.397827 0.000010 0.000010
0.999960 0.000010 0.000010 0.000010 0.000010
0.125228 0.225596 0.467765 0.000010 0.181401
0.999960 0.000010 0.000010 0.000010 0.000010
0.844941 0.000010 0.000010 0.145293 0.009746
0.432392 0.000010 0.070537 0.000010 0.497051
0.740400 0.197971 0.061609 0.000010 0.000010
0.999960 0.000010 0.000010 0.000010 0.000010
0.751658 0.248312 0.000010 0.000010 0.000010
0.461922 0.000010 0.000010 0.135095 0.402962
0.999960 0.000010 0.000010 0.000010 0.000010
0.336502 0.000010 0.406454 0.000010 0.257024
0.579741 0.164046 0.000010 0.000010 0.256193
0.713678 0.060365 0.000010 0.000010 0.225937
0.893804 0.000010 0.106166 0.000010 0.000010
0.999960 0.000010 0.000010 0.000010 0.000010
0.999960 0.000010 0.000010 0.000010 0.000010
0.999960 0.000010 0.000010 0.000010 0.000010
0.284869 0.000010 0.145420 0.000010 0.569691
0.909761 0.090209 0.000010 0.000010 0.000010
0.999960 0.000010 0.000010 0.000010 0.000010
0.999960 0.000010 0.000010 0.000010 0.000010
0.799303 0.097984 0.102693 0.000010 0.000010
0.489296 0.000010 0.170166 0.138750 0.201777
0.664305 0.000010 0.181212 0.000010 0.154463
0.346779 0.059517 0.324640 0.154057 0.115008
0.837653 0.162317 0.000010 0.000010 0.000010
0.824788 0.000010 0.175182 0.000010 0.000010
0.999960 0.000010 0.000010 0.000010 0.000010
0.699851 0.000010 0.000010 0.000010 0.300119
0.000010 0.000010 0.567112 0.000010 0.432858
0.000010 0.488826 0.000010 0.511144 0.000010
0.000010 0.501889 0.498081 0.000010 0.000010
0.000010 0.721830 0.000010 0.278140 0.000010
0.000010 0.452491 0.044632 0.240237 0.262629
0.000010 0.429316 0.217886 0.000010 0.352778
0.000010 0.357440 0.485973 0.156567 0.000010
0.000010 0.000010 0.000010 0.669421 0.330549
0.000010 0.384580 0.199256 0.192928 0.223226
0.039041 0.266898 0.000010 0.203273 0.490778
0.000010 0.000010 0.055952 0.689831 0.254197
0.000010 0.237913 0.297430 0.000010 0.464638
0.000010 0.000010 0.000010 0.000010 0.999960
0.000010 0.659169 0.340801 0.000010 0.000010
0.006587 0.531906 0.214429 0.000010 0.247069
0.000010 0.468910 0.531060 0.000010 0.000010
0.000010 0.222126 0.301692 0.476162 0.000010
0.016863 0.300920 0.000010 0.188396 0.493812
0.000010 0.999960 0.000010 0.000010 0.000010
0.046861 0.249063 0.500113 0.203953 0.000010
0.000010 0.611525 0.388445 0.000010 0.000010
0.000010 0.478259 0.485615 0.036106 0.000010
0.000010 0.304901 0.122492 0.270375 0.302222
0.000010 0.412702 0.293694 0.227492 0.066101
0.000010 0.566881 0.000010 0.433089 0.000010
0.000010 0.999960 0.000010 0.000010 0.000010
0.123814 0.515691 0.171564 0.188921 0.000010
0.090342 0.727978 0.029483 0.152187 0.000010
0.000010 0.999960 0.000010 0.000010 0.000010
0.024399 0.048675 0.488193 0.273929 0.164804
0.169294 0.143274 0.201264 0.276613 0.209556
0.135205 0.250381 0.288919 0.218331 0.107164
0.020956 0.373723 0.000010 0.000010 0.605301
0.000010 0.438313 0.003605 0.174067 0.384005
0.012017 0.281755 0.000010 0.194602 0.511616
0.000010 0.585156 0.297547 0.117278 0.000010
0.191068 0.358751 0.015217 0.190354 0.244611
0.000010 0.249467 0.268354 0.228306 0.253863
0.000010 0.520615 0.037949 0.441415 0.000010
0.000010 0.259525 0.471985 0.268470 0.000010
0.000010 0.418860 0.000010 0.000010 0.581110
0.078773 0.540383 0.172957 0.077669 0.130217
0.000010 0.555698 0.444272 0.000010 0.000010
0.000010 0.757909 0.000010 0.242061 0.000010
0.000010 0.346972 0.424780 0.228227 0.000010
0.000010 0.000010 0.000010 0.563478 0.436492
0.000010 0.000010 0.999960 0.000010 0.000010
0.000010 0.000010 0.273845 0.726125 0.000010
0.064929 0.383779 0.000010 0.501255 0.050027
0.000010 0.552398 0.259472 0.188111 0.000010
0.000010 0.000010 0.749875 0.250095 0.000010
0.128835 0.186404 0.283076 0.401675 0.000010
0.075569 0.448974 0.255191 0.207649 0.012618
0.115404 0.353154 0.240018 0.115495 0.175928
0.000010 0.438768 0.000010 0.368230 0.192982
0.072808 0.110248 0.466677 0.193722 0.156546
0.088087 0.000010 0.335282 0.576611 0.000010
0.000010 0.295774 0.265157 0.439049 0.000010
0.065282 0.000010 0.509161 0.273442 0.152105
0.000010 0.228417 0.292577 0.189379 0.289618
0.000010 0.000010 0.374178 0.625792 0.000010
0.000010 0.000010 0.490166 0.509804 0.000010
0.000010 0.000010 0.699568 0.300402 0.000010
0.000010 0.468426 0.531544 0.000010 0.000010
0.042064 0.396445 0.000010 0.331774 0.229707
0.217985 0.206322 0.380699 0.194985 0.000010
0.136607 0.072178 0.305448 0.012975 0.472792
0.087823 0.243904 0.115283 0.552980 0.000010
0.000010 0.000010 0.143548 0.856422 0.000010
0.000010 0.080355 0.460086 0.459538 0.000010
0.000010 0.000010 0.281014 0.332627 0.386339
0.025937 0.142610 0.469780 0.361663 0.000010
0.000010 0.424874 0.000010 0.155836 0.419270
0.000010 0.999960 0.000010 0.000010 0.000010
0.115440 0.550461 0.057496 0.045162 0.231442
0.000010 0.000010 0.000010 0.045249 0.954721
0.067367 0.219966 0.106865 0.487084 0.118717
0.000010 0.209109 0.463122 0.189952 0.137806
0.000010 0.999960 0.000010 0.000010 0.000010
0.000010 0.000010 0.376943 0.359929 0.263108
0.027793 0.220243 0.189079 0.562874 0.000010
0.000010 0.000010 0.367761 0.632209 0.000010
0.000010 0.574020 0.160310 0.190500 0.075160
0.000010 0.183660 0.148044 0.447824 0.220461
0.144863 0.415039 0.208672 0.000010 0.231417
0.000010 0.702596 0.000010 0.000010 0.297374
0.000010 0.639047 0.000010 0.000010 0.360923
0.062674 0.000010 0.644487 0.292819 0.000010
0.074779 0.353908 0.256840 0.248073 0.066400
0.000010 0.129840 0.144492 0.308720 0.416938
0.000010 0.000010 0.000010 0.593442 0.406528
0.000010 0.200192 0.108942 0.307523 0.383333
0.000010 0.999960 0.000010 0.000010 0.000010
0.000010 0.300333 0.516220 0.000010 0.183427
0.000010 0.000010 0.414059 0.315337 0.270584
0.000010 0.000010 0.000010 0.000010 0.999960
0.000010 0.000010 0.000010 0.483471 0.516499
0.029424 0.362261 0.380079 0.000010 0.228226
0.059629 0.670195 0.270156 0.000010 0.000010
0.035653 0.277234 0.189057 0.498046 0.000010
0.000010 0.566749 0.433221 0.000010 0.000010
0.000010 0.999960 0.000010 0.000010 0.000010
0.208753 0.366232 0.301255 0.000010 0.123750
0.060267 0.347026 0.195476 0.060504 0.336727
0.132253 0.492733 0.000010 0.374995 0.000010
0.119008 0.000010 0.383799 0.497173 0.000010
0.000010 0.000010 0.387198 0.407607 0.205175
0.000010 0.000010 0.416422 0.583548 0.000010
0.000010 0.432305 0.291721 0.141344 0.134620
0.000010 0.256412 0.306721 0.133490 0.303367
0.147038 0.401128 0.114332 0.337492 0.000010
0.079736 0.058393 0.303611 0.105965 0.452295
0.170863 0.520337 0.000010 0.000010 0.308780
0.000010 0.000010 0.521302 0.000010 0.478668
0.000010 0.190293 0.135363 0.000010 0.674323
0.000010 0.000010 0.264879 0.000010 0.735091
0.346025 0.278743 0.000010 0.000010 0.375211
0.235193 0.000010 0.222889 0.213082 0.328827
0.000010 0.000010 0.501865 0.145884 0.352231
0.000010 0.000010 0.315880 0.000010 0.684090
0.111088 0.374137 0.000010 0.066342 0.448422
0.000010 0.282577 0.717393 0.000010 0.000010
0.000010 0.000010 0.000010 0.000010 0.999960
0.000010 0.368924 0.631046 0.000010 0.000010
0.000010 0.000010 0.000010 0.431472 0.568498
0.000010 0.000010 0.999960 0.000010 0.000010
0.092147 0.000010 0.397524 0.239560 0.270760
0.000010 0.000010 0.473659 0.172459 0.353862
0.155045 0.259436 0.000010 0.000010 0.585499
0.000010 0.341538 0.335346 0.095081 0.228025
0.000010 0.000010 0.000010 0.000010 0.999960
0.000010 0.211394 0.000010 0.000010 0.788576
0.000010 0.240090 0.000010 0.409996 0.349894
0.000010 0.000010 0.999960 0.000010 0.000010
0.173371 0.402744 0.270151 0.001655 0.152079
0.098223 0.000010 0.000010 0.235172 0.666585
0.000010 0.314306 0.685664 0.000010 0.000010
0.068957 0.000010 0.369871 0.000010 0.561152
0.016885 0.076155 0.395580 0.245425 0.265956
0.000010 0.000010 0.000010 0.174274 0.825696
0.000010 0.705869 0.000010 0.000010 0.294101
0.000010 0.313583 0.143963 0.000010 0.542434
0.000010 0.000010 0.618659 0.116778 0.264543
0.000010 0.000010 0.000010 0.019734 0.980236
0.000010 0.190809 0.263883 0.000010 0.545288
0.000010 0.000010 0.712780 0.000010 0.287190
0.000010 0.000010 0.583780 0.213418 0.202782
0.160475 0.000010 0.139606 0.159913 0.539995
0.000010 0.000010 0.176609 0.409430 0.413941
0.228469 0.269235 0.234402 0.000010 0.267884
0.000010 0.212361 0.236152 0.151083 0.400395
0.000010 0.000010 0.000010 0.000010 0.999960
0.120596 0.325005 0.099328 0.000010 0.455062
0.000010 0.140315 0.327392 0.015668 0.516615
0.012325 0.520652 0.000010 0.269474 0.197539
0.017212 0.000010 0.607220 0.000010 0.375548
0.000010 0.000010 0.000010 0.000010 0.999960
0.000010 0.000010 0.463246 0.000010 0.536724
0.000010 0.457412 0.085094 0.052537 0.404948
0.000010 0.314799 0.000010 0.000010 0.685171
0.000010 0.396227 0.171001 0.000010 0.432751
0.183761 0.099010 0.193380 0.084986 0.438863
0.051373 0.319586 0.629022 0.000010 0.000010
0.080725 0.199637 0.000010 0.199259 0.520369
0.000010 0.000010 0.000010 0.000010 0.999960
0.228741 0.302192 0.175413 0.000010 0.293644
0.043242 0.170025 0.250787 0.281131 0.254816
0.000010 0.200321 0.523248 0.108931 0.167489
0.000010 0.000010 0.999960 0.000010 0.000010
0.070756 0.068647 0.389724 0.000010 0.470863
0.052547 0.016445 0.309561 0.220937 0.400509
0.000010 0.000010 0.870942 0.129028 0.000010
0.000010 0.734571 0.000010 0.265399 0.000010
0.068138 0.519870 0.411972 0.000010 0.000010
0.000010 0.000010 0.285416 0.000010 0.714554
0.000010 0.000010 0.423919 0.576051 0.000010
0.063862 0.110713 0.368660 0.000010 0.456755
0.000010 0.579402 0.420568 0.000010 0.000010
0.022494 0.133345 0.362749 0.136899 0.344513
0.108472 0.112699 0.251035 0.267496 0.260298
0.051074 0.317067 0.156817 0.077250 0.397791
0.000010 0.000010 0.385016 0.328686 0.286278
0.106384 0.000010 0.000010 0.059803 0.833793
0.080178 0.524165 0.287605 0.108041 0.000010
0.200590 0.051303 0.232480 0.416978 0.098650
0.000010 0.000010 0.257811 0.000010 0.742159
0.000010 0.000010 0.365446 0.000010 0.634524
0.000010 0.000010 0.633994 0.302142 0.063844
0.000010 0.501703 0.227810 0.043223 0.227255
0.000010 0.342026 0.000010 0.000010 0.657944
0.000010 0.000010 0.419374 0.000010 0.580596
0.104891 0.000010 0.225678 0.491830 0.177590
0.068303 0.240272 0.128706 0.190496 0.372224
0.000010 0.218766 0.265803 0.006137 0.509284
0.165471 0.307290 0.007914 0.000010 0.519315
0.000010 0.665420 0.320872 0.000010 0.013688
0.041837 0.160712 0.215625 0.215414 0.366412
0.000010 0.000010 0.296659 0.000010 0.703311
0.000010 0.368900 0.000010 0.000010 0.631070
0.130780 0.068572 0.215936 0.189633 0.395079
0.000010 0.166247 0.261543 0.156432 0.415767
0.058692 0.000010 0.000010 0.089300 0.851988
0.000010 0.000010 0.999960 0.000010 0.000010
0.021825 0.324371 0.403395 0.000010 0.250399
0.000010 0.000010 0.386690 0.152591 0.460699
0.000010 0.000010 0.000010 0.000010 0.999960
0.000010 0.000010 0.000010 0.000010 0.999960
0.017999 0.393352 0.588629 0.000010 0.000010
0.000010 0.000010 0.000010 0.000010 0.999960
0.000010 0.000010 0.288946 0.079932 0.631102
0.000010 0.518825 0.282419 0.198736 0.000010
0.000010 0.203991 0.000010 0.748282 0.047707
0.000010 0.000010 0.220203 0.490955 0.288822
0.048515 0.266380 0.000010 0.575475 0.109620
0.000010 0.282285 0.000010 0.717685 0.000010
0.000010 0.601080 0.398890 0.000010 0.000010
0.107972 0.000010 0.000010 0.860045 0.031963
0.000010 0.000010 0.000010 0.999960 0.000010
0.000010 0.000010 0.000010 0.999960 0.000010
0.000010 0.380762 0.000010 0.338539 0.280679
0.000010 0.000010 0.000010 0.999960 0.000010
0.000010 0.999960 0.000010 0.000010 0.000010
0.000010 0.433766 0.000010 0.566204 0.000010
0.000010 0.274057 0.000010 0.725913 0.000010
0.000010 0.000010 0.408254 0.591716 0.000010
0.027009 0.390890 0.000010 0.582081 0.000010
0.049778 0.097977 0.259291 0.592945 0.000010
0.000010 0.000010 0.296875 0.703095 0.000010
0.000010 0.000010 0.000010 0.999960 0.000010
0.028970 0.000010 0.000010 0.700789 0.270222
0.000010 0.000010 0.000010 0.746629 0.253341
0.000010 0.348591 0.303725 0.347664 0.000010
0.000010 0.393836 0.330076 0.276067 0.000010
0.000010 0.689150 0.000010 0.310820 0.000010
0.046268 0.000010 0.000010 0.555814 0.397897
0.000010 0.000010 0.000010 0.999960 0.000010
0.000010 0.999960 0.000010 0.000010 0.000010
0.000010 0.000010 0.000010 0.767872 0.232098
0.128454 0.394562 0.000010 0.370130 0.106844
0.000010 0.456798 0.000010 0.543172 0.000010
0.000010 0.000011 0.400075 0.599894 0.000010
0.041501 0.036221 0.385904 0.488075 0.048299
0.000010 0.290613 0.000010 0.547765 0.161602
0.000010 0.172243 0.000010 0.549731 0.278006
0.000010 0.000010 0.000010 0.631524 0.368446
0.000010 0.320021 0.518222 0.161737 0.000010
0.000010 0.000010 0.000010 0.999960 0.000010
0.014392 0.179232 0.187365 0.505311 0.113700
0.000010 0.000010 0.403138 0.596832 0.000010
0.000010 0.495064 0.000010 0.339919 0.164997
0.150315 0.849655 0.000010 0.000010 0.000010
0.006206 0.104626 0.181171 0.466070 0.241928
0.000010 0.000010 0.000010 0.627662 0.372308
0.000010 0.000010 0.000010 0.999960 0.000010
0.000010 0.999960 0.000010 0.000010 0.000010
0.114721 0.400005 0.000010 0.485254 0.000010
0.000010 0.000010 0.000010 0.999960 0.000010
0.000010 0.999960 0.000010 0.000010 0.000010
0.014689 0.300599 0.092179 0.515487 0.077046
0.000010 0.000010 0.000010 0.999960 0.000010
0.000010 0.365135 0.000010 0.532441 0.102404
0.236385 0.000010 0.000010 0.382168 0.381427
0.000010 0.511525 0.151401 0.337054 0.000010
0.000010 0.000010 0.000010 0.999960 0.000010
0.000010 0.437332 0.000010 0.562638 0.000010
0.000010 0.000010 0.343083 0.548261 0.108635
0.000010 0.639495 0.000010 0.081170 0.279315
0.017566 0.353925 0.000010 0.388264 0.240236
0.016538 0.000010 0.000010 0.701642 0.281800
0.030822 0.358666 0.000010 0.610493 0.000010
0.000010 0.000010 0.000010 0.734471 0.265499
0.000010 0.000010 0.000010 0.999960 0.000010
0.000010 0.000010 0.406510 0.593460 0.000010
0.000010 0.288403 0.331904 0.379673 0.000010
0.000010 0.000010 0.364859 0.635111 0.000010
0.000010 0.291514 0.000010 0.608116 0.100350
0.000010 0.599065 0.000010 0.400905 0.000010
0.036112 0.410270 0.000010 0.330001 0.223607
0.000010 0.657614 0.000010 0.342356 0.000010
0.000010 0.000010 0.000010 0.999960 0.000010
0.000010 0.129400 0.000010 0.758360 0.112220
0.197602 0.113700 0.201491 0.487197 0.000010
0.000010 0.000010 0.000010 0.999960 0.000010
0.012139 0.172574 0.367909 0.358254 0.089124
0.000010 0.000010 0.000010 0.999960 0.000010
0.000010 0.141796 0.000010 0.581705 0.276480
0.000010 0.000010 0.000010 0.999960 0.000010
0.000010 0.193711 0.190947 0.502619 0.112714
0.000010 0.000010 0.000010 0.794708 0.205262
0.000010 0.000010 0.000010 0.527345 0.472625
0.000010 0.000010 0.378060 0.468873 0.153047
0.000010 0.000010 0.226555 0.773415 0.000010
0.118752 0.402274 0.000010 0.478954 0.000010
0.000010 0.419035 0.000010 0.580935 0.000010
0.000010 0.308035 0.068694 0.491858 0.131403
0.000010 0.071201 0.287215 0.381811 0.259763
0.000010 0.243880 0.225900 0.530199 0.000010
0.000010 0.544823 0.113455 0.341702 0.000010
0.000010 0.999960 0.000010 0.000010 0.000010
0.000010 0.299803 0.000010 0.575150 0.125027
0.000010 0.138838 0.233449 0.627693 0.000010
0.050518 0.272094 0.000010 0.450758 0.226620
0.000010 0.000010 0.000010 0.805617 0.194353
0.000010 0.423801 0.000010 0.551114 0.025065
0.000010 0.113344 0.368174 0.518462 0.000010
0.037772 0.645987 0.172869 0.079917 0.063455
0.039148 0.267506 0.000010 0.477221 0.216115
0.060190 0.258343 0.000010 0.681447 0.000010
0.000010 0.000010 0.000010 0.769336 0.230634
0.000010 0.320844 0.133243 0.545893 0.000010
0.000010 0.000010 0.000010 0.999960 0.000010
0.000010 0.000010 0.233559 0.526867 0.239554
0.118575 0.296086 0.000010 0.585319 0.000010
0.024648 0.000010 0.127396 0.462804 0.385142
0.000010 0.635785 0.000010 0.364185 0.000010
0.000010 0.136862 0.077983 0.443972 0.341172
0.000010 0.000010 0.000010 0.514787 0.485183
