0.045552 0.838430 0.116018
0.011905 0.752686 0.235410
0.174032 0.825967 0.000001
0.071936 0.349234 0.578830
0.179890 0.674680 0.145431
0.224028 0.621891 0.154081
0.158381 0.841617 0.000002
0.385316 0.567095 0.047589
0.556950 0.443010 0.000040
0.055542 0.690188 0.254270
0.048514 0.951485 0.000001
0.084140 0.812809 0.103052
0.115724 0.752837 0.131439
0.160866 0.417298 0.421836
0.019867 0.857072 0.123061
0.058163 0.865501 0.076336
0.273705 0.688762 0.037533
0.004149 0.995850 0.000001
0.109268 0.788884 0.101847
0.011473 0.656039 0.332488
0.167837 0.782777 0.049386
0.231718 0.768281 0.000002
0.020894 0.781971 0.197135
0.611939 0.139176 0.248884
0.032737 0.807264 0.159998
0.086421 0.738325 0.175254
0.198396 0.328007 0.473597
0.170009 0.786958 0.043033
0.369537 0.630462 0.000001
0.305869 0.694129 0.000003
0.348106 0.651824 0.000070
0.016230 0.983058 0.000711
0.142173 0.857826 0.000001
0.271726 0.713651 0.014623
0.133194 0.866805 0.000001
0.250142 0.596160 0.153698
0.194353 0.805174 0.000473
0.176845 0.709329 0.113826
0.332231 0.602319 0.065450
0.143556 0.856443 0.000001
0.039820 0.675326 0.284854
0.009326 0.990673 0.000001
0.011714 0.801572 0.186714
0.264296 0.735551 0.000153
0.042356 0.957643 0.000001
0.009382 0.936926 0.053692
0.092612 0.761651 0.145737
0.284863 0.616764 0.098373
0.123793 0.707947 0.168260
0.399079 0.518471 0.082450
0.019214 0.791217 0.189568
0.208590 0.363779 0.427631
0.035554 0.947819 0.016627
0.116093 0.340366 0.543541
0.001971 0.393449 0.604581
0.006096 0.905040 0.088863
0.155273 0.808211 0.036516
0.043802 0.949372 0.006826
0.237626 0.498221 0.264153
0.012471 0.626920 0.360609
0.148134 0.638763 0.213102
0.006154 0.993845 0.000001
0.145470 0.755394 0.099136
0.127366 0.832674 0.039960
0.036704 0.963295 0.000001
0.066105 0.662576 0.271319
0.105910 0.582771 0.311320
0.005351 0.984244 0.010404
0.287785 0.712214 0.000001
0.103210 0.896789 0.000001
0.227680 0.713242 0.059078
0.124539 0.775595 0.099866
0.235330 0.270854 0.493816
0.240815 0.704973 0.054212
0.383977 0.533153 0.082871
0.143686 0.678027 0.178287
0.138238 0.700749 0.161013
0.005138 0.886471 0.108391
0.022383 0.955273 0.022344
0.000237 0.295567 0.704196
0.014102 0.190467 0.795432
0.186984 0.586903 0.226113
0.043552 0.956304 0.000143
0.411009 0.379051 0.209940
0.112078 0.806814 0.081109
0.238489 0.761462 0.000049
0.082557 0.600890 0.316553
0.082994 0.884935 0.032071
0.035886 0.951351 0.012763
0.215589 0.583587 0.200824
0.232016 0.767273 0.000711
0.160874 0.669084 0.170042
0.003160 0.605153 0.391687
0.083595 0.838273 0.078132
0.005828 0.831716 0.162456
0.195103 0.804896 0.000001
0.152844 0.406107 0.441049
0.334921 0.471343 0.193735
0.335060 0.496347 0.168593
0.212228 0.787771 0.000001
0.167779 0.766514 0.065707
0.055337 0.944295 0.000368
0.099654 0.670271 0.230075
0.297665 0.680945 0.021390
0.868115 0.131884 0.000001
0.495998 0.504001 0.000001
0.999998 0.000001 0.000001
0.998303 0.001696 0.000001
0.615212 0.384787 0.000001
0.721712 0.278287 0.000001
0.516194 0.483795 0.000012
0.989093 0.000001 0.010906
0.797859 0.202140 0.000001
0.981811 0.018188 0.000001
0.999998 0.000001 0.000001
0.547740 0.452259 0.000001
0.761199 0.238800 0.000001
0.512513 0.225771 0.261716
0.999998 0.000001 0.000001
0.999998 0.000001 0.000001
0.916865 0.083134 0.000001
0.429724 0.568618 0.001658
0.999997 0.000002 0.000001
0.621241 0.246795 0.131964
0.999998 0.000001 0.000001
0.976098 0.023901 0.000001
0.999457 0.000010 0.000532
0.839811 0.160188 0.000001
0.999996 0.000003 0.000001
0.827702 0.155264 0.017034
0.928034 0.071194 0.000772
0.999998 0.000001 0.000001
0.779713 0.000351 0.219936
0.999998 0.000001 0.000001
0.999998 0.000001 0.000001
0.999998 0.000001 0.000001
0.971741 0.028258 0.000001
0.901639 0.098360 0.000001
0.761220 0.238779 0.000001
0.999026 0.000973 0.000001
0.564408 0.435591 0.000001
0.809049 0.000001 0.190950
0.657304 0.000001 0.342695
0.999834 0.000165 0.000001
0.445577 0.418754 0.135670
0.608456 0.391543 0.000001
0.902045 0.097954 0.000001
0.730612 0.269387 0.000001
0.936427 0.063572 0.000001
0.762053 0.237946 0.000001
0.860507 0.139492 0.000001
0.999998 0.000001 0.000001
0.810665 0.189334 0.000001
0.999826 0.000173 0.000001
0.673941 0.326058 0.000001
0.982608 0.017391 0.000001
0.999992 0.000007 0.000001
0.468119 0.452163 0.079718
0.529818 0.470181 0.000001
0.999998 0.000001 0.000001
0.999998 0.000001 0.000001
0.753562 0.246437 0.000001
0.999998 0.000001 0.000001
0.999998 0.000001 0.000001
0.607523 0.392477 0.000001
0.999998 0.000001 0.000001
0.999957 0.000042 0.000001
0.999998 0.000001 0.000001
0.618956 0.381043 0.000001
0.814103 0.185896 0.000001
0.857325 0.142674 0.000001
0.999998 0.000001 0.000001
0.999998 0.000001 0.000001
0.597480 0.290193 0.112327
0.791458 0.208541 0.000001
0.330235 0.669764 0.000001
0.999998 0.000001 0.000001
0.999998 0.000001 0.000001
0.734019 0.265980 0.000001
0.945461 0.054538 0.000001
0.806706 0.193293 0.000001
0.707188 0.292809 0.000003
0.999998 0.000001 0.000001
0.999998 0.000001 0.000001
0.661630 0.213987 0.124382
0.788698 0.211301 0.000001
0.137083 0.810666 0.052252
0.600221 0.397354 0.002425
0.729146 0.270853 0.000001
0.000001 0.000001 0.999998
0.001694 0.040112 0.958194
0.000001 0.000001 0.999998
0.000014 0.000155 0.999831
0.000001 0.000008 0.999991
0.000028 0.000462 0.999510
0.000024 0.000001 0.999975
0.000179 0.000002 0.999819
0.000006 0.000035 0.999959
0.000030 0.000001 0.999969
0.000021 0.000012 0.999967
0.000001 0.000001 0.999998
0.000001 0.000001 0.999998
0.000035 0.000049 0.999917
0.000008 0.000039 0.999953
0.000007 0.000076 0.999917
0.000003 0.000001 0.999996
0.000986 0.006715 0.992299
0.000003 0.000101 0.999896
0.000162 0.000003 0.999835
0.000001 0.000001 0.999998
0.000285 0.098644 0.901072
0.000001 0.000228 0.999771
0.000006 0.000001 0.999993
0.000026 0.000002 0.999973
0.000028 0.000081 0.999891
0.000001 0.000001 0.999998
0.000217 0.000020 0.999763
0.000002 0.000064 0.999934
0.000003 0.000017 0.999981
0.000029 0.000079 0.999893
0.000091 0.031647 0.968262
0.000001 0.000009 0.999990
0.000004 0.000004 0.999992
0.001197 0.000015 0.998788
0.000154 0.000325 0.999521
0.000001 0.000005 0.999994
0.002228 0.008828 0.988944
0.000015 0.000001 0.999984
0.000001 0.000001 0.999998
0.000002 0.000497 0.999502
0.000122 0.062111 0.937768
0.000001 0.000010 0.999989
0.000002 0.002456 0.997542
0.000019 0.000004 0.999977
0.000001 0.000001 0.999998
0.000005 0.000026 0.999969
0.000013 0.000289 0.999699
0.000001 0.000001 0.999998
0.000178 0.000008 0.999814
0.000001 0.000003 0.999996
0.000001 0.000001 0.999998
0.000001 0.000001 0.999998
0.000007 0.000021 0.999972
0.000003 0.000003 0.999995
0.000021 0.000023 0.999956
0.000690 0.000063 0.999247
0.000001 0.000004 0.999995
0.000001 0.000011 0.999988
0.000922 0.000034 0.999044
0.000002 0.000001 0.999997
0.000003 0.000001 0.999996
0.000009 0.001715 0.998275
0.000001 0.000112 0.999887
0.000001 0.000001 0.999998
0.004139 0.000001 0.995860
0.000001 0.000001 0.999998
0.000001 0.000036 0.999963
0.000235 0.000252 0.999513
0.000001 0.000072 0.999927
0.000017 0.000014 0.999969
0.000002 0.000044 0.999954
0.000001 0.000001 0.999998
0.000001 0.000002 0.999997
0.000043 0.019258 0.980700
0.000001 0.000004 0.999995
0.000001 0.000001 0.999998
0.000001 0.000001 0.999998
0.000002 0.000005 0.999993
0.000005 0.000001 0.999994
0.000001 0.000001 0.999998
0.000002 0.000013 0.999985
0.010937 0.000009 0.989053
0.001300 0.000134 0.998566
0.000007 0.000001 0.999992
0.000003 0.000001 0.999997
0.000001 0.002117 0.997882
0.000016 0.000001 0.999983
0.000023 0.001144 0.998833
0.000056 0.000004 0.999940
0.000001 0.000005 0.999994
0.000001 0.000008 0.999991
0.006036 0.043033 0.950931
0.000001 0.000001 0.999998
0.000002 0.000066 0.999932
0.000034 0.000071 0.999895
0.000002 0.000010 0.999988
0.000001 0.000001 0.999998
0.000001 0.000001 0.999998
0.000001 0.000040 0.999959
0.000001 0.000001 0.999998
0.000002 0.009044 0.990954
0.000001 0.000074 0.999925
0.000839 0.000122 0.999039
0.000001 0.000001 0.999998
0.006178 0.000004 0.993818
0.000001 0.000007 0.999992
0.000238 0.001287 0.998474
0.000001 0.000001 0.999998
0.000075 0.000031 0.999894
0.000965 0.000384 0.998651
0.000852 0.002827 0.996321
0.000001 0.000001 0.999998
0.001395 0.998604 0.000001
0.014530 0.985469 0.000001
0.001578 0.998421 0.000001
0.004825 0.995174 0.000001
0.001093 0.998906 0.000001
0.002324 0.997675 0.000001
0.034299 0.965700 0.000001
0.011933 0.988066 0.000001
0.001876 0.998123 0.000001
0.052982 0.947017 0.000001
0.002808 0.997191 0.000001
0.044979 0.955020 0.000001
0.011734 0.988265 0.000001
0.016443 0.983556 0.000001
0.002519 0.997480 0.000001
0.018283 0.981716 0.000001
0.006142 0.993857 0.000001
0.001093 0.998906 0.000001
0.012127 0.987872 0.000001
0.053801 0.946198 0.000001
0.006403 0.993596 0.000001
0.041669 0.958330 0.000001
0.005060 0.994939 0.000001
0.017394 0.982605 0.000001
0.016554 0.983445 0.000001
0.011989 0.988010 0.000001
0.033746 0.966253 0.000001
0.012234 0.987765 0.000001
0.021661 0.978338 0.000001
0.021164 0.978835 0.000001
0.042100 0.957899 0.000001
0.024884 0.975115 0.000001
0.007569 0.992430 0.000001
0.010801 0.989198 0.000001
0.026648 0.973351 0.000001
0.010190 0.989809 0.000001
0.015460 0.984539 0.000001
0.028220 0.971779 0.000001
0.013740 0.986259 0.000001
0.020009 0.979990 0.000001
0.031797 0.968202 0.000001
0.029880 0.970119 0.000001
0.008832 0.991167 0.000001
0.007066 0.992933 0.000001
0.023233 0.976766 0.000001
0.018160 0.981839 0.000001
0.004375 0.995624 0.000001
0.003764 0.996235 0.000001
0.006468 0.993531 0.000001
0.040222 0.959777 0.000001
0.024024 0.975975 0.000001
0.031883 0.968116 0.000001
0.003929 0.979787 0.016284
0.006768 0.993231 0.000001
0.045134 0.954865 0.000001
0.026267 0.973732 0.000001
0.015083 0.984916 0.000001
0.033399 0.966600 0.000001
0.017828 0.982171 0.000001
0.045068 0.954931 0.000001
0.024117 0.975882 0.000001
0.018054 0.981945 0.000001
0.014969 0.985030 0.000001
0.025966 0.974033 0.000001
0.030329 0.969666 0.000005
0.000844 0.999155 0.000001
0.004268 0.995731 0.000001
0.013198 0.986801 0.000001
0.022614 0.977385 0.000001
0.033470 0.966529 0.000001
0.005261 0.994738 0.000001
0.004298 0.995701 0.000001
0.015424 0.984575 0.000001
0.008544 0.991455 0.000001
0.001392 0.998607 0.000001
0.010973 0.989026 0.000001
0.023845 0.976154 0.000001
0.007474 0.992525 0.000001
0.028575 0.971424 0.000001
0.007377 0.992622 0.000001
0.024891 0.975108 0.000001
0.001442 0.998557 0.000001
0.018170 0.981829 0.000001
0.012779 0.987220 0.000001
0.016476 0.983523 0.000001
0.024525 0.975474 0.000001
0.011632 0.988367 0.000001
0.007211 0.992788 0.000001
0.007565 0.992434 0.000001
0.031281 0.968718 0.000001
0.001649 0.998351 0.000001
0.017490 0.982509 0.000001
0.022012 0.977987 0.000001
0.009082 0.990917 0.000001
0.010617 0.989382 0.000001
0.028163 0.971836 0.000001
0.007426 0.992573 0.000001
0.036332 0.963667 0.000001
0.024766 0.975233 0.000001
0.414945 0.066215 0.518840
0.013343 0.276896 0.709761
0.008912 0.249468 0.741620
0.002636 0.112522 0.884842
0.000001 0.000005 0.999994
0.000010 0.158330 0.841660
0.000002 0.000007 0.999991
0.006123 0.094214 0.899663
0.023270 0.450883 0.525847
0.043615 0.465053 0.491332
0.004178 0.464585 0.531237
0.000503 0.360682 0.638815
0.001189 0.001777 0.997034
0.042858 0.343292 0.613850
0.006186 0.035674 0.958140
0.007324 0.326769 0.665906
0.000023 0.044799 0.955178
0.111689 0.000126 0.888186
0.011540 0.461636 0.526825
0.008001 0.778151 0.213848
0.000018 0.009734 0.990248
0.000001 0.000001 0.999998
0.000363 0.232646 0.766991
0.002146 0.518543 0.479311
0.002348 0.455744 0.541908
0.001569 0.000216 0.998215
0.003501 0.101439 0.895060
0.005673 0.300155 0.694172
0.002518 0.478494 0.518987
0.000288 0.085451 0.914261
0.496143 0.100946 0.402911
0.000025 0.000228 0.999747
0.009940 0.509048 0.481012
0.002993 0.135572 0.861435
0.018334 0.141056 0.840610
0.008739 0.177642 0.813619
0.000084 0.088216 0.911700
0.000015 0.026367 0.973618
0.000004 0.000004 0.999992
0.003016 0.538659 0.458326
0.000001 0.000005 0.999994
0.513434 0.000027 0.486539
0.564346 0.435653 0.000001
0.001699 0.478557 0.519744
0.000039 0.423800 0.576160
0.009958 0.303213 0.686829
0.006126 0.405173 0.588701
0.011332 0.246429 0.742239
0.002952 0.306557 0.690491
0.179384 0.152932 0.667684
0.272895 0.210404 0.516701
0.010626 0.367546 0.621828
0.001103 0.132198 0.866699
0.010953 0.068836 0.920211
0.013906 0.168638 0.817456
0.000004 0.089071 0.910925
0.000448 0.109894 0.889658
0.000002 0.000001 0.999998
0.009790 0.303327 0.686883
0.000001 0.000003 0.999996
0.126321 0.181520 0.692158
