0.052968 0.830895 0.116137
0.021702 0.742811 0.235486
0.187737 0.812262 0.000001
0.078447 0.342610 0.578943
0.190864 0.663589 0.145546
0.235920 0.609884 0.154196
0.173814 0.826179 0.000007
0.396709 0.555404 0.047887
0.566656 0.433242 0.000101
0.065905 0.679641 0.254453
0.061138 0.938861 0.000001
0.096905 0.799921 0.103174
0.127501 0.740895 0.131604
0.168471 0.409603 0.421926
0.031133 0.846145 0.122722
0.072613 0.851090 0.076297
0.285120 0.677245 0.037635
0.011235 0.988764 0.000001
0.120503 0.777542 0.101955
0.017483 0.649575 0.332942
0.178279 0.772286 0.049436
0.245195 0.754800 0.000006
0.028869 0.773575 0.197555
0.621202 0.129167 0.249631
0.040663 0.799057 0.160279
0.100539 0.724143 0.175318
0.206412 0.320013 0.473575
0.181745 0.775203 0.043052
0.381435 0.618564 0.000001
0.318875 0.681115 0.000010
0.359402 0.640441 0.000157
0.029999 0.968982 0.001019
0.155706 0.844292 0.000002
0.284234 0.701155 0.014611
0.145903 0.854096 0.000001
0.261247 0.584973 0.153780
0.210760 0.788635 0.000605
0.189937 0.696090 0.113972
0.343692 0.590758 0.065551
0.155376 0.844623 0.000001
0.052203 0.662924 0.284873
0.020468 0.979531 0.000001
0.023174 0.789770 0.187056
0.277263 0.722455 0.000282
0.052734 0.947265 0.000001
0.018565 0.927819 0.053617
0.105048 0.749158 0.145794
0.295896 0.605614 0.098490
0.134286 0.697377 0.168337
0.409700 0.507672 0.082627
0.032322 0.777933 0.189745
0.216730 0.355613 0.427656
0.046059 0.937682 0.016259
0.123301 0.333123 0.543576
0.004985 0.389747 0.605268
0.014574 0.896159 0.089268
0.168760 0.794660 0.036580
0.059399 0.933837 0.006765
0.246841 0.488891 0.264268
0.020051 0.619061 0.360888
0.157599 0.629181 0.213220
0.015358 0.984641 0.000001
0.158435 0.742403 0.099161
0.140642 0.819288 0.040070
0.047883 0.952116 0.000001
0.075469 0.653031 0.271499
0.115093 0.573348 0.311560
0.014210 0.975867 0.009923
0.301204 0.698795 0.000001
0.118497 0.881502 0.000001
0.239633 0.701254 0.059113
0.136582 0.763463 0.099955
0.242251 0.264055 0.493693
0.254266 0.691465 0.054268
0.395634 0.521245 0.083121
0.153843 0.667794 0.178364
0.150690 0.688207 0.161103
0.012800 0.878564 0.108636
0.034566 0.943306 0.022129
0.000883 0.294327 0.704790
0.019099 0.185929 0.794972
0.195826 0.577998 0.226176
0.062017 0.937735 0.000248
0.420793 0.369136 0.210071
0.125762 0.793050 0.081188
0.251598 0.748311 0.000091
0.091096 0.592108 0.316796
0.093544 0.874498 0.031958
0.049064 0.937361 0.013574
0.227049 0.571932 0.201019
0.245754 0.753476 0.000770
0.170820 0.658874 0.170306
0.007199 0.600585 0.392216
0.093777 0.827992 0.078231
0.013318 0.824104 0.162579
0.208368 0.791628 0.000004
0.160475 0.398340 0.441185
0.345256 0.460815 0.193930
0.344982 0.486288 0.168731
0.224107 0.775892 0.000001
0.180245 0.753937 0.065818
0.068003 0.931470 0.000528
0.110254 0.659440 0.230306
0.310455 0.668007 0.021538
0.876704 0.123295 0.000001
0.507816 0.492183 0.000001
0.999998 0.000001 0.000001
0.998549 0.001450 0.000001
0.625076 0.374923 0.000001
0.731543 0.268456 0.000001
0.527680 0.472277 0.000043
0.986852 0.000001 0.013147
0.806538 0.193461 0.000001
0.987286 0.012713 0.000001
0.999998 0.000001 0.000001
0.558004 0.441995 0.000001
0.769397 0.230597 0.000006
0.520099 0.218138 0.261763
0.999998 0.000001 0.000001
0.999998 0.000001 0.000001
0.924386 0.075613 0.000001
0.441345 0.556273 0.002382
0.999995 0.000004 0.000001
0.628937 0.238972 0.132091
0.999998 0.000001 0.000001
0.981520 0.018479 0.000001
0.999224 0.000016 0.000761
0.849485 0.150514 0.000001
0.999992 0.000007 0.000001
0.835229 0.145443 0.019328
0.938215 0.060187 0.001598
0.999998 0.000001 0.000001
0.780782 0.000488 0.218730
0.999998 0.000001 0.000001
0.999998 0.000001 0.000001
0.999998 0.000001 0.000001
0.978460 0.021539 0.000001
0.910658 0.089341 0.000001
0.769283 0.230716 0.000001
0.999158 0.000841 0.000001
0.575098 0.424901 0.000001
0.810012 0.000001 0.189987
0.658601 0.000001 0.341397
0.999805 0.000194 0.000001
0.454315 0.410005 0.135680
0.618197 0.381802 0.000001
0.915345 0.084654 0.000001
0.738182 0.261817 0.000001
0.947884 0.052115 0.000001
0.771018 0.228981 0.000001
0.867595 0.132404 0.000001
0.999998 0.000001 0.000001
0.818604 0.181395 0.000001
0.999766 0.000233 0.000001
0.683825 0.316174 0.000001
0.987478 0.012521 0.000001
0.999987 0.000012 0.000001
0.478518 0.441441 0.080041
0.540601 0.459398 0.000001
0.999998 0.000001 0.000001
0.999998 0.000001 0.000001
0.762243 0.237756 0.000001
0.999998 0.000001 0.000001
0.999998 0.000001 0.000001
0.617905 0.382094 0.000001
0.999998 0.000001 0.000001
0.999939 0.000060 0.000001
0.999998 0.000001 0.000001
0.628681 0.371318 0.000001
0.822442 0.177557 0.000001
0.866368 0.133631 0.000001
0.999998 0.000001 0.000001
0.999998 0.000001 0.000001
0.605436 0.282015 0.112548
0.800466 0.199533 0.000001
0.342931 0.657068 0.000001
0.999998 0.000001 0.000001
0.999998 0.000001 0.000001
0.743295 0.256704 0.000001
0.958935 0.041064 0.000001
0.815292 0.184707 0.000001
0.716802 0.283184 0.000014
0.999998 0.000001 0.000001
0.999998 0.000001 0.000001
0.669499 0.206010 0.124491
0.796837 0.203162 0.000001
0.149864 0.797744 0.052392
0.609071 0.386825 0.004104
0.737298 0.262701 0.000001
0.000003 0.000003 0.999994
0.002425 0.039398 0.958177
0.000001 0.000001 0.999998
0.000041 0.000363 0.999596
0.000001 0.000034 0.999966
0.000065 0.000885 0.999050
0.000074 0.000005 0.999922
0.000421 0.000010 0.999568
0.000022 0.000108 0.999871
0.000047 0.000003 0.999949
0.000052 0.000045 0.999904
0.000003 0.000006 0.999991
0.000001 0.000002 0.999997
0.000103 0.000140 0.999757
0.000020 0.000118 0.999862
0.000021 0.000205 0.999774
0.000009 0.000003 0.999988
0.001583 0.007852 0.990565
0.000008 0.000262 0.999730
0.000362 0.000011 0.999627
0.000002 0.000002 0.999997
0.000626 0.097876 0.901498
0.000001 0.000550 0.999449
0.000020 0.000003 0.999977
0.000073 0.000008 0.999919
0.000068 0.000211 0.999720
0.000001 0.000001 0.999998
0.000473 0.000062 0.999465
0.000005 0.000181 0.999814
0.000010 0.000059 0.999930
0.000069 0.000207 0.999724
0.000183 0.031882 0.967935
0.000001 0.000036 0.999963
0.000012 0.000017 0.999971
0.001916 0.000044 0.998039
0.000293 0.000652 0.999055
0.000001 0.000025 0.999974
0.002241 0.009457 0.988302
0.000055 0.000004 0.999941
0.000001 0.000002 0.999997
0.000006 0.000962 0.999032
0.000276 0.061794 0.937930
0.000001 0.000040 0.999959
0.000006 0.003669 0.996325
0.000054 0.000017 0.999928
0.000001 0.000005 0.999995
0.000016 0.000085 0.999899
0.000035 0.000604 0.999360
0.000001 0.000006 0.999993
0.000387 0.000029 0.999584
0.000001 0.000015 0.999984
0.000001 0.000006 0.999993
0.000001 0.000001 0.999998
0.000026 0.000071 0.999903
0.000010 0.000012 0.999978
0.000049 0.000076 0.999874
0.001121 0.000153 0.998726
0.000001 0.000016 0.999982
0.000001 0.000041 0.999958
0.001412 0.000094 0.998495
0.000008 0.000001 0.999991
0.000011 0.000001 0.999988
0.000024 0.002639 0.997338
0.000001 0.000292 0.999707
0.000001 0.000005 0.999994
0.005209 0.000004 0.994787
0.000001 0.000007 0.999992
0.000001 0.000113 0.999885
0.000446 0.000493 0.999061
0.000002 0.000193 0.999806
0.000042 0.000050 0.999908
0.000008 0.000133 0.999860
0.000001 0.000001 0.999998
0.000001 0.000011 0.999988
0.000110 0.020310 0.979580
0.000001 0.000020 0.999979
0.000006 0.000002 0.999993
0.000001 0.000001 0.999998
0.000006 0.000021 0.999973
0.000021 0.000004 0.999976
0.000002 0.000003 0.999995
0.000005 0.000046 0.999949
0.012324 0.000029 0.987648
0.001904 0.000290 0.997807
0.000026 0.000003 0.999971
0.000009 0.000002 0.999989
0.000001 0.003284 0.996714
0.000052 0.000001 0.999947
0.000061 0.001960 0.997978
0.000137 0.000018 0.999845
0.000005 0.000024 0.999972
0.000001 0.000032 0.999967
0.008151 0.041104 0.950745
0.000001 0.000001 0.999998
0.000007 0.000192 0.999801
0.000071 0.000184 0.999745
0.000007 0.000039 0.999954
0.000001 0.000001 0.999998
0.000001 0.000001 0.999998
0.000001 0.000132 0.999867
0.000001 0.000001 0.999998
0.000009 0.010664 0.989327
0.000005 0.000207 0.999788
0.001272 0.000280 0.998448
0.000001 0.000001 0.999998
0.007398 0.000013 0.992589
0.000005 0.000030 0.999965
0.000373 0.001990 0.997638
0.000001 0.000001 0.999998
0.000155 0.000094 0.999751
0.001524 0.000711 0.997765
0.001267 0.003746 0.994987
0.000001 0.000007 0.999992
0.005484 0.994515 0.000001
0.027769 0.972230 0.000001
0.006104 0.993895 0.000001
0.013268 0.986731 0.000001
0.004553 0.995446 0.000001
0.007911 0.992088 0.000001
0.051551 0.948448 0.000001
0.024428 0.975571 0.000001
0.006763 0.993236 0.000001
0.071495 0.928504 0.000001
0.008969 0.991030 0.000001
0.063615 0.936384 0.000001
0.024041 0.975958 0.000001
0.028677 0.971322 0.000001
0.008235 0.991764 0.000001
0.033292 0.966707 0.000001
0.015602 0.984397 0.000001
0.004590 0.995409 0.000001
0.024946 0.975053 0.000001
0.073718 0.926281 0.000001
0.016043 0.983956 0.000001
0.055055 0.944944 0.000001
0.013646 0.986353 0.000001
0.029303 0.970696 0.000001
0.031115 0.968884 0.000001
0.024254 0.975745 0.000001
0.049331 0.950668 0.000001
0.024938 0.975061 0.000001
0.037352 0.962647 0.000001
0.035485 0.964515 0.000001
0.057067 0.942932 0.000001
0.041330 0.958669 0.000001
0.017781 0.982218 0.000001
0.022973 0.977026 0.000001
0.041711 0.958288 0.000001
0.021910 0.978089 0.000001
0.028479 0.971520 0.000001
0.043463 0.956536 0.000001
0.026714 0.973285 0.000001
0.032720 0.967279 0.000001
0.047205 0.952794 0.000001
0.047554 0.952445 0.000001
0.019795 0.980204 0.000001
0.017142 0.982857 0.000001
0.037890 0.962109 0.000001
0.032957 0.967042 0.000001
0.012325 0.987674 0.000001
0.010819 0.989180 0.000001
0.015230 0.984769 0.000001
0.060047 0.939952 0.000001
0.040439 0.959560 0.000001
0.049315 0.950684 0.000001
0.010627 0.975144 0.014229
0.016125 0.983874 0.000001
0.064172 0.935827 0.000001
0.040053 0.959946 0.000001
0.027227 0.972772 0.000001
0.050449 0.949550 0.000001
0.031606 0.968394 0.000001
0.062427 0.937572 0.000001
0.040670 0.959329 0.000001
0.031886 0.968113 0.000001
0.027096 0.972903 0.000001
0.042276 0.957723 0.000001
0.048290 0.951699 0.000011
0.003905 0.996094 0.000001
0.011781 0.988218 0.000001
0.026536 0.973463 0.000001
0.036785 0.963214 0.000001
0.049983 0.950016 0.000001
0.013886 0.986113 0.000001
0.012291 0.987708 0.000001
0.029776 0.970223 0.000001
0.019570 0.980429 0.000001
0.005577 0.994422 0.000001
0.021638 0.978361 0.000001
0.040228 0.959771 0.000001
0.017090 0.982909 0.000001
0.043074 0.956925 0.000001
0.015549 0.984450 0.000001
0.037760 0.962239 0.000001
0.005238 0.994761 0.000001
0.032972 0.967027 0.000001
0.024180 0.975819 0.000001
0.030354 0.969645 0.000001
0.040970 0.959029 0.000001
0.024367 0.975632 0.000001
0.016591 0.983408 0.000001
0.018031 0.981968 0.000001
0.048162 0.951837 0.000001
0.006241 0.993758 0.000001
0.030879 0.969120 0.000001
0.036496 0.963503 0.000001
0.020493 0.979506 0.000001
0.022369 0.977630 0.000001
0.043350 0.956649 0.000001
0.017736 0.982263 0.000001
0.050434 0.949565 0.000001
0.040468 0.959531 0.000001
0.421540 0.059576 0.518883
0.019084 0.270839 0.710077
0.014375 0.243757 0.741868
0.004315 0.110744 0.884941
0.000002 0.000024 0.999974
0.000053 0.157763 0.842184
0.000007 0.000029 0.999964
0.008536 0.091603 0.899862
0.033219 0.440839 0.525943
0.053346 0.455280 0.491373
0.009137 0.459115 0.531748
0.001688 0.358759 0.639553
0.001307 0.002540 0.996153
0.046697 0.339166 0.614137
0.007245 0.035231 0.957524
0.012870 0.321004 0.666126
0.000077 0.044940 0.954983
0.112641 0.000279 0.887080
0.019825 0.453102 0.527073
0.014617 0.771295 0.214088
0.000045 0.011485 0.988470
0.000001 0.000008 0.999991
0.001135 0.231292 0.767573
0.005462 0.514495 0.480042
0.006011 0.451385 0.542603
0.002198 0.000442 0.997360
0.005726 0.099166 0.895108
0.009591 0.296318 0.694091
0.005752 0.474541 0.519707
0.000723 0.084853 0.914424
0.502595 0.094284 0.403120
0.000066 0.000493 0.999440
0.018030 0.500691 0.481279
0.005380 0.133124 0.861496
0.021527 0.137874 0.840599
0.013223 0.173218 0.813560
0.000204 0.087841 0.911955
0.000030 0.027421 0.972550
0.000010 0.000016 0.999975
0.007485 0.533480 0.459036
0.000001 0.000023 0.999976
0.514998 0.000064 0.484938
0.575155 0.424844 0.000001
0.004736 0.474747 0.520517
0.000246 0.423027 0.576727
0.016456 0.296451 0.687093
0.011262 0.399460 0.589278
0.016107 0.241564 0.742330
0.005930 0.303305 0.690765
0.184101 0.148491 0.667408
0.278004 0.205527 0.516468
0.017463 0.360562 0.621975
0.002280 0.130593 0.867127
0.014384 0.065125 0.920491
0.018372 0.164044 0.817584
0.000018 0.089316 0.910667
0.001099 0.108937 0.889964
0.000008 0.000002 0.999990
0.014692 0.298174 0.687134
0.000004 0.000014 0.999982
0.130495 0.177469 0.692036
