0.590398 0.240143 0.169459
0.587253 0.061020 0.351726
0.598185 0.383881 0.017934
0.255302 0.276540 0.468158
0.499924 0.392816 0.107260
0.457455 0.505430 0.037115
0.682071 0.219405 0.098524
0.588126 0.301112 0.110762
0.747144 0.090269 0.162586
0.448712 0.267333 0.283955
0.646988 0.326122 0.026890
0.532034 0.385505 0.082461
0.465508 0.440910 0.093582
0.393999 0.237037 0.368964
0.626034 0.167967 0.205999
0.583269 0.332232 0.084499
0.722396 0.140440 0.137165
0.177812 0.782261 0.039927
0.556063 0.340950 0.102987
0.431155 0.335248 0.233597
0.633351 0.248036 0.118613
0.679177 0.245042 0.075781
0.469843 0.486122 0.044034
0.552619 0.170755 0.276626
0.559013 0.363793 0.077193
0.557969 0.213697 0.228333
0.277716 0.424558 0.297726
0.514204 0.458172 0.027624
0.648804 0.142148 0.209048
0.726738 0.123397 0.149864
0.611773 0.323075 0.065152
0.664690 0.226833 0.108477
0.725534 0.171337 0.103129
0.652698 0.275463 0.071839
0.553697 0.387676 0.058628
0.584137 0.267402 0.148460
0.479822 0.477733 0.042445
0.575868 0.253035 0.171097
0.545724 0.352245 0.102031
0.744688 0.177241 0.078071
0.393258 0.513506 0.093236
0.763206 0.046193 0.190601
0.522304 0.321396 0.156299
0.732107 0.094082 0.173811
0.686992 0.214816 0.098192
0.288213 0.672925 0.038862
0.667355 0.065880 0.266766
0.554535 0.356184 0.089280
0.554824 0.273365 0.171811
0.590782 0.391855 0.017363
0.443235 0.501866 0.054900
0.443608 0.103207 0.453186
0.576576 0.340084 0.083340
0.368392 0.060113 0.571496
0.311784 0.062741 0.625476
0.495013 0.404394 0.100593
0.534226 0.438701 0.027072
0.669177 0.186423 0.144400
0.548991 0.068279 0.382730
0.371085 0.386952 0.241964
0.481536 0.364285 0.154180
0.602832 0.342962 0.054206
0.708162 0.065883 0.225956
0.524088 0.438621 0.037291
0.482224 0.504371 0.013405
0.402345 0.364238 0.233417
0.423309 0.263191 0.313500
0.634181 0.328528 0.037291
0.481492 0.477705 0.040803
0.750665 0.104428 0.144907
0.602730 0.339192 0.058077
0.549672 0.331551 0.118777
0.351007 0.119502 0.529491
0.669002 0.197243 0.133755
0.561269 0.380778 0.057953
0.679937 0.013478 0.306584
0.611153 0.216398 0.172449
0.487214 0.435011 0.077775
0.598883 0.333997 0.067120
0.278697 0.068364 0.652939
0.083777 0.546915 0.369308
0.471695 0.317869 0.210436
0.619543 0.314871 0.065586
0.526377 0.232971 0.240651
0.616370 0.290501 0.093129
0.660257 0.325326 0.014417
0.228792 0.706346 0.064862
0.640214 0.294837 0.064949
0.718981 0.152522 0.128497
0.475452 0.449127 0.075421
0.572221 0.393552 0.034227
0.490329 0.392371 0.117300
0.366210 0.296708 0.337082
0.739414 0.067482 0.193104
0.526384 0.266521 0.207095
0.748054 0.083443 0.168503
0.436459 0.068260 0.495281
0.285459 0.685313 0.029228
0.572498 0.244027 0.183475
0.687842 0.236813 0.075345
0.685342 0.124601 0.190058
0.618564 0.330797 0.050640
0.433228 0.447022 0.119750
0.573590 0.319759 0.106650
0.751552 0.146096 0.102352
0.699321 0.191721 0.108958
0.736176 0.167967 0.095857
0.777611 0.100804 0.121585
0.772843 0.133279 0.093878
0.747392 0.200933 0.051675
0.766964 0.078898 0.154138
0.795891 0.030924 0.173184
0.607930 0.374944 0.017126
0.815391 0.023602 0.161007
0.803238 0.080569 0.116193
0.686261 0.262604 0.051136
0.799992 0.042250 0.157758
0.450394 0.309280 0.240327
0.774371 0.105383 0.120246
0.830123 0.075450 0.094427
0.826085 0.077352 0.096563
0.570382 0.376281 0.053337
0.773463 0.157222 0.069314
0.638625 0.234954 0.126421
0.790734 0.126612 0.082654
0.677203 0.257970 0.064827
0.688485 0.186663 0.124852
0.773846 0.151965 0.074190
0.723813 0.179182 0.097005
0.774337 0.029522 0.196141
0.779016 0.035311 0.185673
0.849134 0.003967 0.146899
0.611027 0.107923 0.281050
0.816589 0.051913 0.131498
0.825762 0.018045 0.156193
0.825217 0.047417 0.127366
0.607235 0.311615 0.081149
0.810768 0.022985 0.166247
0.625072 0.298776 0.076152
0.811026 0.045732 0.143242
0.831544 0.141271 0.027185
0.521228 0.213388 0.265383
0.344216 0.561483 0.094301
0.756994 0.138675 0.104331
0.538119 0.446113 0.015768
0.748531 0.094586 0.156883
0.787246 0.114667 0.098086
0.651567 0.306826 0.041607
0.770277 0.133981 0.095743
0.804074 0.022755 0.173171
0.634767 0.276595 0.088637
0.835802 0.058751 0.105448
0.849929 0.072034 0.078037
0.776860 0.176990 0.046150
0.819519 0.073494 0.106987
0.793557 0.095083 0.111360
0.737272 0.183671 0.079057
0.697432 0.161458 0.141111
0.746355 0.160973 0.092672
0.773189 0.133845 0.092967
0.808768 0.067439 0.123793
0.818562 0.027062 0.154376
0.804772 0.057764 0.137464
0.779656 0.133732 0.086612
0.807687 0.090896 0.101416
0.802660 0.088047 0.109293
0.742118 0.137503 0.120379
0.797292 0.130044 0.072664
0.724677 0.231506 0.043817
0.773203 0.179475 0.047322
0.600138 0.388000 0.011861
0.766382 0.138509 0.095110
0.738933 0.254976 0.006091
0.641781 0.248000 0.110219
0.719707 0.255482 0.024811
0.659372 0.277859 0.062768
0.810089 0.069432 0.120479
0.795489 0.078606 0.125905
0.599939 0.257868 0.142194
0.795924 0.066624 0.137452
0.783610 0.117109 0.099281
0.783286 0.057449 0.159265
0.818139 0.022062 0.159800
0.773764 0.175803 0.050433
0.479371 0.502008 0.018621
0.742404 0.142985 0.114611
0.567826 0.405419 0.026755
0.638172 0.277259 0.084570
0.742918 0.153336 0.103746
0.005935 0.266021 0.728044
0.020819 0.458299 0.520883
0.012743 0.443979 0.543279
0.034165 0.260711 0.705124
0.015626 0.309203 0.675171
0.013787 0.249258 0.736955
0.047891 0.180555 0.771554
0.042452 0.019281 0.938267
0.039299 0.193913 0.766788
0.000441 0.207896 0.791662
0.022691 0.342270 0.635039
0.018295 0.264899 0.716806
0.017514 0.340423 0.642063
0.074444 0.078984 0.846572
0.025717 0.288056 0.686227
0.022733 0.458613 0.518654
0.020322 0.377526 0.602152
0.058210 0.038800 0.902990
0.013355 0.465660 0.520985
0.044695 0.196948 0.758357
0.005292 0.259621 0.735087
0.032803 0.750538 0.216659
0.067983 0.145187 0.786830
0.021879 0.306937 0.671184
0.030996 0.256401 0.712603
0.010932 0.218662 0.770406
0.062839 0.001822 0.935340
0.084157 0.040312 0.875531
0.025322 0.434257 0.540421
0.041289 0.171799 0.786913
0.019500 0.341695 0.638806
0.015941 0.539336 0.444724
0.010145 0.230980 0.758875
0.017939 0.440808 0.541252
0.051474 0.116624 0.831902
0.038852 0.285667 0.675481
0.010961 0.363806 0.625233
0.013938 0.550205 0.435857
0.051378 0.021171 0.927451
0.030845 0.268981 0.700174
0.027402 0.305895 0.666702
0.013133 0.558331 0.428536
0.012487 0.346114 0.641399
0.038208 0.291874 0.669917
0.028100 0.261850 0.710050
0.005102 0.427310 0.567589
0.019676 0.357350 0.622974
0.028229 0.225343 0.746428
0.018823 0.293231 0.687946
0.048027 0.148527 0.803446
0.006435 0.253677 0.739888
0.014154 0.614896 0.370950
0.044492 0.314950 0.640558
0.046928 0.107689 0.845383
0.024255 0.482505 0.493241
0.008999 0.509232 0.481769
0.048231 0.200936 0.750833
0.010183 0.967868 0.021949
0.002407 0.990580 0.007014
0.032123 0.316343 0.651535
0.014021 0.273080 0.712900
0.020432 0.302821 0.676747
0.016910 0.471070 0.512020
0.006538 0.718254 0.275208
0.014749 0.483412 0.501839
0.012274 0.087243 0.900483
0.001173 0.582138 0.416689
0.005515 0.477515 0.516970
0.030496 0.220308 0.749195
0.000100 0.402415 0.597484
0.008305 0.307400 0.684295
0.010546 0.407566 0.581888
0.010580 0.452923 0.536498
0.037918 0.182473 0.779609
0.059888 0.218603 0.721510
0.039528 0.351635 0.608837
0.067005 0.052996 0.879999
0.019890 0.271533 0.708578
0.012255 0.349498 0.638247
0.020333 0.132186 0.847481
0.010862 0.239297 0.749841
0.000092 0.013164 0.986744
0.055104 0.080103 0.864793
0.041840 0.260383 0.697777
0.049894 0.046987 0.903119
0.011653 0.287923 0.700424
0.001382 0.462259 0.536359
0.043582 0.139136 0.817282
0.038237 0.230900 0.730863
0.030519 0.272917 0.696564
0.041966 0.250284 0.707749
0.000298 0.411275 0.588427
0.090082 0.076691 0.833228
0.010216 0.477283 0.512501
0.058321 0.214238 0.727441
0.017518 0.503627 0.478855
0.017513 0.292492 0.689995
0.018009 0.237292 0.744699
0.018961 0.329411 0.651627
0.004181 0.345469 0.650350
0.044947 0.159293 0.795760
0.088826 0.015090 0.896083
0.016083 0.310457 0.673460
0.037660 0.202823 0.759517
0.022380 0.241447 0.736173
0.035314 0.370815 0.593870
0.021308 0.422303 0.556388
0.010466 0.450732 0.538801
0.029233 0.377458 0.593309
0.018236 0.454193 0.527572
0.041078 0.159584 0.799338
0.040299 0.475623 0.484078
0.012543 0.362938 0.624519
0.740927 0.168357 0.090716
0.636101 0.311272 0.052626
0.678534 0.264088 0.057378
0.789544 0.114431 0.096024
0.588540 0.402244 0.009216
0.687837 0.258486 0.053677
0.592068 0.363466 0.044466
0.675418 0.251634 0.072948
0.674536 0.277833 0.047631
0.644145 0.336429 0.019426
0.816540 0.064998 0.118462
0.635393 0.228949 0.135658
0.636933 0.320543 0.042523
0.597570 0.346308 0.056121
0.663690 0.243692 0.092618
0.643514 0.310060 0.046426
0.670614 0.272510 0.056876
0.673367 0.275357 0.051276
0.692726 0.289083 0.018190
0.546825 0.419616 0.033558
0.757332 0.118700 0.123969
0.624405 0.362833 0.012762
0.539270 0.441977 0.018753
0.687551 0.252029 0.060419
0.771198 0.121280 0.107522
0.646125 0.318156 0.035719
0.554347 0.423595 0.022057
0.526006 0.372396 0.101597
0.635246 0.290198 0.074556
0.567334 0.403445 0.029221
0.804851 0.001663 0.193486
0.767942 0.082806 0.149253
0.688590 0.178005 0.133405
0.597058 0.380702 0.022240
0.677860 0.238588 0.083552
0.689602 0.225846 0.084551
0.739339 0.121495 0.139166
0.778881 0.044307 0.176812
0.673359 0.243661 0.082979
0.632513 0.331416 0.036071
0.743873 0.148910 0.107216
0.658994 0.257976 0.083030
0.654311 0.315124 0.030565
0.712319 0.216725 0.070956
0.701834 0.244793 0.053373
0.686485 0.253141 0.060374
0.482570 0.488466 0.028964
0.671443 0.308138 0.020419
0.768714 0.143311 0.087975
0.700516 0.210240 0.089244
0.759571 0.137244 0.103185
0.609918 0.337313 0.052770
0.576145 0.388173 0.035681
0.736390 0.180232 0.083378
0.470319 0.435842 0.093840
0.692521 0.208446 0.099032
0.726235 0.186895 0.086870
0.662912 0.304755 0.032334
0.610086 0.344756 0.045158
0.659890 0.290881 0.049228
0.652936 0.303499 0.043566
0.730127 0.155646 0.114227
0.672429 0.240928 0.086642
0.723977 0.155888 0.120135
0.713204 0.280840 0.005955
0.627473 0.332678 0.039849
0.530973 0.460779 0.008247
0.622708 0.363008 0.014284
0.665260 0.274385 0.060355
0.620323 0.371858 0.007819
0.526813 0.451050 0.022138
0.645765 0.338619 0.015616
0.764772 0.139534 0.095694
0.720641 0.214053 0.065306
0.616207 0.338152 0.045642
0.773617 0.089615 0.136768
0.712589 0.201673 0.085738
0.789560 0.059746 0.150693
0.633003 0.322844 0.044153
0.707992 0.245546 0.046462
0.617181 0.338102 0.044717
0.760231 0.098935 0.140834
0.700571 0.193575 0.105854
0.657163 0.342301 0.000536
0.614238 0.381788 0.003974
0.612029 0.371002 0.016969
0.580542 0.378334 0.041124
0.632367 0.359871 0.007762
0.609286 0.371193 0.019521
0.702610 0.218151 0.079239
0.683358 0.278373 0.038270
0.549742 0.440640 0.009618
0.581154 0.368565 0.050281
0.747433 0.164465 0.088101
0.595800 0.370227 0.033973
0.641893 0.299216 0.058891
0.764977 0.175713 0.059310
0.724287 0.171209 0.104504
0.686421 0.234212 0.079367
0.417950 0.100071 0.481979
0.144182 0.462227 0.393591
0.104467 0.411001 0.484532
0.074263 0.370467 0.555270
0.031280 0.217040 0.751680
0.089257 0.719560 0.191183
0.007524 0.378656 0.613820
0.022320 0.493403 0.484278
0.171603 0.715147 0.113250
0.196107 0.611655 0.192238
0.291036 0.383616 0.325348
0.154742 0.524467 0.320791
0.007079 0.471024 0.521896
0.303236 0.107371 0.589393
0.022965 0.549743 0.427292
0.136787 0.656212 0.207001
0.046091 0.150589 0.803320
0.024678 0.426795 0.548527
0.294640 0.322025 0.383335
0.331303 0.544826 0.123871
0.041453 0.304518 0.654029
0.004561 0.395299 0.600140
0.068889 0.544629 0.386482
0.219205 0.623982 0.156813
0.261184 0.400906 0.337910
0.042616 0.345830 0.611554
0.058250 0.333749 0.608002
0.144708 0.487604 0.367688
0.243694 0.415670 0.340636
0.052328 0.365104 0.582568
0.408596 0.265403 0.326001
0.021223 0.147097 0.831680
0.358441 0.218893 0.422666
0.119834 0.157105 0.723061
0.104677 0.325012 0.570311
0.012661 0.590435 0.396904
0.034475 0.904775 0.060750
0.004164 0.432738 0.563098
0.001389 0.333708 0.664903
0.231562 0.752629 0.015809
0.033660 0.224301 0.742040
0.299667 0.417305 0.283028
0.621480 0.312192 0.066329
0.255655 0.399580 0.344765
0.302672 0.191328 0.506000
0.185922 0.421080 0.392998
0.254009 0.323214 0.422777
0.147799 0.371285 0.480916
0.102401 0.626453 0.271146
0.182068 0.442374 0.375558
0.191988 0.743408 0.064604
0.232158 0.302043 0.465800
0.025084 0.533732 0.441183
0.130113 0.065610 0.804277
0.123042 0.344491 0.532467
0.025147 0.582358 0.392495
0.097873 0.224748 0.677379
0.063661 0.065265 0.871075
0.195485 0.327403 0.477112
0.067832 0.050733 0.881435
0.115383 0.751625 0.132992
