0.561393 0.173682 0.264926
0.558836 0.093924 0.347240
0.658298 0.167709 0.173992
0.262343 0.454758 0.282900
0.627169 0.237340 0.135491
0.390000 0.489550 0.120450
0.635331 0.272680 0.091989
0.335805 0.528370 0.135825
0.573767 0.126751 0.299481
0.122127 0.523125 0.354748
0.677567 0.115648 0.206786
0.126996 0.440854 0.432150
0.249714 0.470143 0.280143
0.649697 0.040715 0.309588
0.329505 0.375379 0.295115
0.678704 0.147967 0.173329
0.649822 0.020045 0.330133
0.010312 0.556302 0.433385
0.416646 0.284621 0.298733
0.845202 0.061799 0.092999
0.397541 0.545311 0.057148
0.527503 0.285906 0.186591
0.816220 0.131668 0.052112
0.606191 0.008374 0.385435
0.545250 0.410326 0.044424
0.473983 0.105271 0.420746
0.391646 0.273507 0.334848
0.540115 0.230445 0.229440
0.365975 0.061649 0.572375
0.754776 0.033834 0.211390
0.103651 0.408438 0.487911
0.593159 0.272661 0.134179
0.864447 0.070157 0.065395
0.210977 0.628834 0.160188
0.144382 0.484184 0.371434
0.463990 0.132098 0.403912
0.072917 0.637875 0.289208
0.413660 0.280108 0.306232
0.129211 0.629301 0.241488
0.263737 0.272418 0.463845
0.345734 0.415567 0.238698
0.368245 0.238911 0.392845
0.349159 0.310122 0.340719
0.262520 0.240871 0.496609
0.399305 0.410483 0.190211
0.000480 0.887230 0.112290
0.366152 0.377315 0.256534
0.200826 0.481505 0.317669
0.515226 0.292137 0.192637
0.470236 0.439641 0.090123
0.495450 0.110944 0.393605
0.759938 0.037865 0.202197
0.243467 0.457950 0.298583
0.644929 0.046162 0.308909
0.565863 0.198950 0.235186
0.023829 0.042063 0.934108
0.107734 0.313685 0.578581
0.018834 0.004901 0.976264
0.002665 0.003100 0.994235
0.103588 0.080300 0.816112
0.043374 0.185192 0.771434
0.079480 0.067464 0.853056
0.261313 0.022924 0.715763
0.026838 0.318851 0.654311
0.018183 0.105304 0.876513
0.242195 0.098867 0.658938
0.018533 0.223371 0.758096
0.032097 0.018167 0.949736
0.000358 0.067725 0.931917
0.010784 0.012170 0.977047
0.115237 0.128617 0.756146
0.103650 0.270572 0.625778
0.281368 0.553407 0.165225
0.232879 0.404787 0.362334
0.766697 0.146736 0.086568
0.591474 0.047584 0.360943
0.595877 0.322986 0.081138
0.445787 0.379794 0.174419
0.560455 0.256117 0.183428
0.778837 0.004221 0.216942
0.538146 0.374812 0.087041
0.629447 0.096467 0.274086
0.381422 0.441098 0.177480
0.269683 0.458493 0.271823
0.442633 0.280182 0.277184
0.658903 0.140387 0.200711
0.337742 0.219532 0.442726
0.447512 0.236015 0.316473
0.827163 0.018471 0.154366
0.769246 0.030021 0.200733
0.510682 0.250176 0.239142
0.374261 0.470312 0.155427
0.027807 0.548594 0.423600
0.986525 0.001578 0.011897
0.318561 0.411410 0.270028
0.514446 0.146191 0.339363
0.639893 0.060934 0.299173
0.405254 0.296076 0.298670
0.502184 0.384628 0.113188
0.450593 0.404537 0.144870
0.601715 0.179799 0.218486
0.355921 0.442567 0.201512
0.621183 0.321360 0.057457
0.032817 0.041349 0.925833
0.010766 0.086862 0.902372
0.418520 0.030404 0.551076
0.002809 0.036807 0.960383
0.046460 0.060437 0.893103
0.053104 0.133118 0.813778
0.111009 0.069124 0.819867
0.012061 0.007348 0.980591
0.125768 0.011863 0.862368
0.000579 0.224904 0.774517
0.650242 0.035210 0.314548
0.122124 0.003015 0.874861
0.151385 0.018915 0.829700
0.197076 0.006019 0.796905
0.015268 0.011017 0.973714
0.025473 0.086538 0.887988
0.027453 0.012248 0.960299
0.182796 0.074384 0.742819
0.003547 0.370446 0.626007
0.106527 0.247917 0.645556
0.026107 0.146371 0.827521
0.041618 0.080649 0.877733
0.005129 0.046638 0.948233
0.285516 0.064216 0.650268
0.388934 0.007926 0.603140
0.002575 0.013235 0.984190
0.064163 0.013475 0.922362
0.159556 0.015508 0.824936
0.192979 0.003084 0.803937
0.275108 0.192853 0.532039
0.061029 0.005990 0.932981
0.042581 0.002917 0.954502
0.016402 0.006168 0.977430
0.000375 0.029345 0.970279
0.007728 0.000345 0.991927
0.013295 0.133066 0.853639
0.472685 0.033297 0.494018
0.538579 0.004891 0.456530
0.000441 0.007604 0.991955
0.074690 0.364784 0.560526
0.363728 0.039386 0.596886
0.265202 0.044131 0.690667
0.001784 0.008556 0.989661
0.075652 0.304869 0.619479
0.018575 0.418024 0.563402
0.000864 0.001622 0.997514
0.318728 0.008001 0.673271
0.002969 0.279042 0.717989
0.096135 0.005239 0.898626
0.282372 0.047401 0.670227
0.336158 0.173313 0.490528
0.036491 0.015019 0.948490
0.284872 0.002136 0.712992
0.001384 0.030326 0.968290
0.464110 0.179130 0.356760
0.001167 0.032245 0.966588
0.053895 0.153531 0.792575
0.050036 0.097906 0.852057
0.093395 0.006091 0.900514
0.001837 0.002178 0.995985
0.110508 0.137417 0.752074
0.154957 0.245903 0.599140
0.225293 0.014015 0.760692
0.085144 0.126272 0.788584
0.246489 0.028567 0.724944
0.132115 0.074154 0.793730
0.129014 0.001159 0.869828
0.000261 0.234480 0.765259
0.006090 0.089679 0.904231
0.020127 0.154646 0.825228
0.110594 0.279641 0.609764
0.012960 0.126857 0.860183
0.001290 0.063139 0.935571
0.011676 0.000606 0.987718
0.050090 0.010906 0.939003
0.071795 0.119773 0.808432
0.036380 0.071428 0.892192
0.281485 0.166916 0.551599
0.022856 0.017818 0.959326
0.018034 0.020898 0.961068
0.039921 0.009870 0.950210
0.001009 0.205242 0.793749
0.226633 0.390130 0.383236
0.525639 0.432051 0.042310
0.172408 0.691846 0.135746
0.481033 0.458362 0.060605
0.105427 0.697222 0.197351
0.463908 0.354342 0.181750
0.184049 0.679044 0.136907
0.733766 0.128530 0.137704
0.510619 0.357738 0.131644
0.157536 0.505706 0.336758
0.389242 0.491080 0.119678
0.284057 0.406903 0.309040
0.317685 0.451165 0.231150
0.054647 0.670603 0.274750
0.608182 0.208674 0.183145
0.191243 0.690409 0.118349
0.320153 0.555331 0.124516
0.478052 0.283206 0.238742
0.320285 0.606095 0.073620
0.314510 0.516300 0.169189
0.435964 0.356662 0.207374
0.140908 0.658441 0.200651
0.337032 0.571173 0.091795
0.393980 0.478788 0.127232
0.241966 0.700842 0.057192
0.367940 0.620468 0.011593
0.521564 0.138711 0.339725
0.301288 0.434727 0.263985
0.271348 0.623813 0.104839
0.040775 0.673217 0.286009
0.668816 0.001049 0.330135
0.506210 0.083672 0.410118
0.485826 0.237717 0.276457
0.679287 0.195092 0.125621
0.106429 0.719775 0.173796
0.364824 0.592476 0.042700
0.154312 0.510432 0.335255
0.305706 0.607075 0.087220
0.456041 0.448770 0.095189
0.107310 0.756552 0.136137
0.395283 0.476618 0.128098
0.322164 0.501263 0.176573
0.733693 0.156663 0.109643
0.106941 0.860655 0.032404
0.702029 0.215921 0.082050
0.084987 0.848061 0.066953
0.057956 0.626622 0.315422
0.324783 0.521643 0.153574
0.535182 0.234434 0.230384
0.538591 0.389834 0.071575
0.022405 0.873514 0.104082
0.692186 0.105609 0.202205
0.386377 0.393826 0.219797
0.533176 0.170684 0.296140
0.038400 0.776024 0.185576
0.398273 0.358578 0.243149
0.953969 0.015113 0.030918
0.724825 0.156097 0.119078
0.501254 0.220747 0.277999
0.113142 0.744585 0.142273
0.793130 0.155826 0.051044
0.625508 0.371588 0.002904
0.105883 0.884095 0.010022
0.355058 0.519816 0.125126
0.042907 0.723767 0.233326
0.436601 0.260481 0.302918
0.765642 0.023861 0.210497
0.583753 0.345925 0.070322
0.121467 0.808899 0.069634
0.323919 0.516844 0.159237
0.005353 0.853170 0.141476
0.026277 0.826645 0.147078
0.769367 0.110713 0.119920
0.001299 0.886859 0.111842
0.157548 0.634992 0.207460
0.841559 0.119183 0.039258
0.208510 0.667098 0.124392
0.762951 0.125750 0.111299
0.677266 0.268542 0.054191
0.966768 0.026428 0.006804
0.412716 0.373760 0.213523
0.563164 0.357784 0.079052
0.416881 0.498757 0.084362
0.627202 0.230888 0.141911
0.258609 0.347676 0.393715
0.186688 0.537329 0.275983
0.304750 0.492636 0.202613
0.252002 0.471081 0.276917
0.675424 0.042510 0.282066
0.433046 0.483494 0.083460
0.297949 0.458135 0.243917
0.498892 0.365382 0.135726
0.343813 0.545726 0.110460
0.362487 0.450297 0.187216
0.284532 0.484927 0.230541
0.140946 0.438659 0.420394
0.513429 0.278076 0.208495
0.368757 0.428381 0.202861
0.803723 0.020146 0.176131
0.264058 0.630838 0.105104
0.241807 0.703260 0.054933
0.500298 0.434794 0.064908
0.325790 0.259649 0.414560
0.267766 0.412548 0.319685
0.823235 0.061498 0.115267
0.661901 0.095655 0.242444
0.247857 0.555911 0.196232
0.403685 0.471164 0.125151
0.271040 0.633469 0.095492
0.802198 0.145853 0.051949
0.369422 0.460947 0.169631
0.221765 0.431732 0.346502
0.241607 0.492759 0.265634
0.470797 0.291231 0.237972
0.220882 0.542199 0.236920
0.515499 0.203133 0.281368
0.507510 0.041729 0.450761
0.653161 0.059345 0.287495
0.484784 0.207008 0.308208
0.253549 0.443516 0.302936
0.600129 0.178623 0.221248
0.137281 0.717568 0.145151
0.721192 0.158944 0.119865
0.437477 0.298153 0.264371
0.584833 0.237278 0.177889
0.072778 0.703060 0.224162
0.247928 0.472234 0.279838
0.667612 0.114763 0.217625
0.406634 0.190971 0.402395
0.242655 0.562428 0.194916
0.246176 0.407660 0.346164
0.306945 0.397490 0.295565
0.796400 0.095526 0.108073
0.234681 0.323785 0.441534
0.431545 0.231020 0.337435
0.576419 0.175551 0.248030
0.432694 0.283634 0.283672
0.588369 0.051985 0.359645
0.561904 0.307993 0.130103
0.023981 0.725039 0.250980
0.635365 0.241587 0.123048
0.340228 0.343681 0.316091
0.593600 0.252009 0.154391
0.214119 0.528445 0.257436
0.025603 0.510360 0.464037
0.060960 0.636209 0.302831
0.525929 0.206120 0.267951
0.532638 0.011747 0.455615
0.873769 0.049939 0.076292
0.327533 0.242891 0.429576
0.354430 0.425984 0.219586
0.281577 0.356508 0.361915
0.461324 0.166930 0.371746
0.557629 0.182046 0.260325
0.712248 0.061305 0.226447
0.283208 0.343965 0.372827
0.286055 0.509589 0.204356
0.236812 0.592279 0.170908
0.216633 0.571141 0.212227
0.249550 0.400197 0.350253
0.702093 0.121058 0.176850
0.580334 0.104780 0.314886
0.453761 0.206267 0.339972
0.007257 0.656111 0.336632
0.250227 0.592903 0.156870
0.609655 0.015281 0.375064
0.300277 0.460572 0.239151
0.363265 0.433861 0.202875
0.112866 0.657494 0.229641
0.333106 0.262683 0.404211
0.413283 0.354019 0.232698
0.009715 0.659338 0.330947
0.466861 0.448153 0.084986
0.829261 0.050899 0.119840
0.038858 0.482310 0.478832
0.165991 0.605289 0.228720
0.350621 0.363558 0.285821
0.136816 0.707940 0.155244
0.708915 0.012282 0.278803
0.410391 0.343472 0.246137
0.730878 0.055199 0.213923
0.931248 0.068135 0.000617
0.187845 0.500177 0.311978
0.216618 0.559496 0.223885
0.012434 0.749295 0.238271
0.104897 0.485383 0.409721
0.374774 0.441800 0.183425
0.510079 0.359033 0.130889
0.291651 0.688932 0.019417
0.498725 0.258668 0.242607
0.499543 0.179663 0.320794
0.147988 0.621502 0.230511
0.709494 0.035268 0.255239
0.537591 0.266227 0.196182
0.638386 0.031344 0.330269
0.333704 0.425269 0.241027
0.564173 0.251172 0.184655
0.038785 0.701699 0.259516
0.739179 0.025392 0.235428
0.345531 0.305850 0.348618
0.850110 0.147556 0.002334
0.127649 0.641191 0.231159
0.505941 0.309789 0.184269
0.075785 0.633448 0.290766
0.424176 0.472846 0.102978
0.030120 0.749404 0.220475
0.350986 0.489215 0.159799
0.415094 0.304005 0.280901
0.012075 0.923057 0.064867
0.588525 0.209227 0.202248
0.504874 0.416869 0.078257
0.057856 0.909736 0.032409
0.612532 0.217071 0.170397
0.980606 0.014670 0.004724
0.600493 0.277859 0.121648
0.329199 0.560450 0.110352
0.950116 0.024864 0.025020
0.146504 0.738475 0.115021
0.290358 0.706148 0.003494
0.455770 0.446054 0.098176
0.553737 0.351545 0.094718
0.920574 0.079110 0.000315
0.048996 0.935495 0.015509
0.288477 0.647981 0.063542
0.416544 0.405832 0.177624
0.169844 0.713093 0.117063
0.383936 0.476775 0.139288
0.276996 0.619083 0.103921
0.020200 0.949007 0.030793
0.794991 0.058027 0.146982
0.238280 0.727013 0.034706
0.226075 0.766879 0.007046
0.605051 0.298754 0.096196
0.249835 0.718390 0.031775
0.716038 0.099207 0.184755
0.014660 0.970152 0.015188
0.336322 0.514874 0.148805
0.215717 0.725710 0.058573
0.507084 0.328428 0.164488
0.256918 0.733344 0.009739
0.560578 0.414425 0.024997
0.408000 0.424161 0.167839
0.123607 0.819630 0.056763
0.404020 0.534589 0.061391
0.196722 0.720098 0.083180
0.276952 0.615094 0.107953
0.293668 0.663854 0.042479
0.578032 0.181679 0.240289
0.398576 0.489533 0.111891
0.455600 0.451781 0.092619
0.247510 0.572199 0.180291
0.212881 0.594203 0.192915
0.422144 0.576408 0.001448
0.312109 0.533825 0.154066
0.090230 0.767678 0.142092
0.740425 0.246100 0.013475
0.471656 0.471495 0.056849
0.471205 0.486955 0.041839
0.053453 0.815751 0.130796
0.087049 0.856140 0.056811
0.546021 0.431888 0.022090
0.414263 0.236034 0.349703
0.678887 0.249296 0.071817
0.098446 0.873433 0.028121
0.828975 0.121963 0.049062
0.105910 0.869112 0.024978
0.407536 0.576695 0.015769
0.384929 0.440187 0.174884
0.069624 0.790132 0.140245
0.625606 0.267757 0.106637
0.559185 0.393220 0.047595
0.192356 0.765297 0.042347
0.430399 0.413718 0.155883
0.351540 0.482649 0.165811
0.488460 0.418485 0.093055
0.579268 0.337015 0.083717
0.189366 0.800782 0.009852
0.388461 0.464869 0.146671
0.120132 0.751854 0.128014
0.705942 0.246591 0.047467
0.275647 0.592081 0.132272
0.222228 0.476718 0.301054
0.084819 0.816361 0.098821
0.482505 0.310373 0.207122
0.290090 0.640821 0.069089
0.223741 0.722046 0.054214
0.426143 0.444946 0.128911
0.124465 0.756625 0.118911
0.212392 0.774692 0.012916
0.379984 0.434777 0.185239
0.852477 0.077164 0.070359
0.273676 0.560463 0.165860
0.806708 0.038201 0.155091
0.379071 0.571337 0.049593
0.474908 0.460578 0.064514
0.640499 0.276832 0.082670
0.161926 0.690718 0.147356
0.570573 0.322341 0.107086
0.107646 0.789107 0.103247
0.620029 0.357309 0.022663
0.156607 0.802598 0.040795
0.227715 0.621813 0.150472
0.438337 0.461606 0.100057
0.483897 0.489937 0.026166
0.481631 0.510371 0.007998
0.512245 0.296485 0.191270
0.669204 0.201464 0.129332
0.151172 0.763207 0.085621
0.406594 0.569607 0.023800
0.432844 0.512055 0.055101
0.296935 0.642298 0.060767
0.864273 0.132621 0.003106
0.228443 0.596885 0.174672
0.470778 0.342951 0.186271
0.588541 0.391513 0.019946
0.513764 0.345140 0.141096
0.063243 0.908730 0.028028
