0.620427 0.142454 0.237119
0.569846 0.103796 0.326357
0.681021 0.116851 0.202128
0.272614 0.446828 0.280558
0.662886 0.210104 0.127010
0.421521 0.402982 0.175497
0.646355 0.268747 0.084898
0.413803 0.466230 0.119967
0.613691 0.126010 0.260299
0.190890 0.502270 0.306840
0.699283 0.061720 0.238997
0.104898 0.446918 0.448184
0.300966 0.462782 0.236252
0.696542 0.026170 0.277288
0.331928 0.372778 0.295293
0.688928 0.133294 0.177778
0.626081 0.016230 0.357689
0.021367 0.535944 0.442689
0.456631 0.268857 0.274513
0.831831 0.048478 0.119691
0.407617 0.544258 0.048125
0.553798 0.257568 0.188634
0.801743 0.096201 0.102056
0.638347 0.003039 0.358614
0.537625 0.403023 0.059351
0.501429 0.087708 0.410863
0.433933 0.241395 0.324672
0.614161 0.161956 0.223884
0.502283 0.047586 0.450131
0.806095 0.018894 0.175010
0.096554 0.413156 0.490290
0.597602 0.300664 0.101733
0.889253 0.059301 0.051446
0.196630 0.658652 0.144718
0.233755 0.439113 0.327132
0.521799 0.098912 0.379289
0.059063 0.623064 0.317873
0.481480 0.266475 0.252045
0.143543 0.655659 0.200798
0.258615 0.290080 0.451306
0.353941 0.390722 0.255337
0.327876 0.334924 0.337200
0.324767 0.318339 0.356894
0.236130 0.270325 0.493544
0.411280 0.421285 0.167434
0.000272 0.873613 0.126115
0.320983 0.437606 0.241411
0.230264 0.460131 0.309605
0.569305 0.287340 0.143355
0.490548 0.371784 0.137667
0.497597 0.091653 0.410749
0.830968 0.026415 0.142617
0.276415 0.448096 0.275488
0.699970 0.049194 0.250836
0.583293 0.235541 0.181165
0.010084 0.019183 0.970734
0.130128 0.277717 0.592155
0.010054 0.002144 0.987802
0.000897 0.002598 0.996505
0.074890 0.070249 0.854861
0.023472 0.168053 0.808475
0.059229 0.040933 0.899839
0.249252 0.016141 0.734607
0.019798 0.309392 0.670810
0.009231 0.100415 0.890355
0.263192 0.056299 0.680509
0.018924 0.218952 0.762124
0.008261 0.003437 0.988303
0.000112 0.048820 0.951068
0.003939 0.005781 0.990281
0.099213 0.129538 0.771249
0.080721 0.261699 0.657580
0.299266 0.576932 0.123801
0.229145 0.406590 0.364265
0.818373 0.109629 0.071999
0.603244 0.077027 0.319729
0.526588 0.378678 0.094735
0.430077 0.401628 0.168295
0.585051 0.263739 0.151210
0.724478 0.003050 0.272472
0.574099 0.348373 0.077528
0.693737 0.065128 0.241136
0.358660 0.476954 0.164386
0.307169 0.405859 0.286973
0.394501 0.354436 0.251063
0.616168 0.110187 0.273645
0.472372 0.147633 0.379995
0.432483 0.238288 0.329230
0.837293 0.009229 0.153478
0.765101 0.016168 0.218731
0.547351 0.240121 0.212529
0.380450 0.485377 0.134173
0.017043 0.580973 0.401984
0.991725 0.000821 0.007455
0.337764 0.420626 0.241611
0.512376 0.200321 0.287303
0.686915 0.071555 0.241530
0.495307 0.239702 0.264991
0.513374 0.391656 0.094971
0.469470 0.391449 0.139080
0.612791 0.200704 0.186506
0.394480 0.423443 0.182077
0.679625 0.273247 0.047128
0.020623 0.018113 0.961264
0.003669 0.043335 0.952996
0.475089 0.017079 0.507832
0.000893 0.015666 0.983440
0.024609 0.033923 0.941468
0.028109 0.125115 0.846776
0.092515 0.048676 0.858809
0.004761 0.003256 0.991983
0.104064 0.013020 0.882916
0.000182 0.142288 0.857530
0.681741 0.024080 0.294180
0.102361 0.000763 0.896875
0.148815 0.005690 0.845495
0.171894 0.002327 0.825779
0.008855 0.003754 0.987391
0.013230 0.066371 0.920398
0.007967 0.003034 0.988999
0.133589 0.092748 0.773663
0.001926 0.360811 0.637263
0.081621 0.243449 0.674930
0.011046 0.127572 0.861382
0.023070 0.046225 0.930705
0.002732 0.021169 0.976099
0.309615 0.034439 0.655946
0.379858 0.002997 0.617146
0.000660 0.003195 0.996145
0.053797 0.015517 0.930686
0.124871 0.007435 0.867694
0.158010 0.002608 0.839382
0.255324 0.205010 0.539666
0.036402 0.002373 0.961225
0.023197 0.001299 0.975504
0.007493 0.004198 0.988309
0.000089 0.012071 0.987840
0.003006 0.000116 0.996878
0.009282 0.119199 0.871519
0.475794 0.028688 0.495518
0.458169 0.003120 0.538712
0.000145 0.002664 0.997191
0.078067 0.287810 0.634122
0.389860 0.018758 0.591382
0.235563 0.018089 0.746348
0.000631 0.003920 0.995449
0.069772 0.279576 0.650652
0.014189 0.392322 0.593489
0.000212 0.000300 0.999488
0.310270 0.007915 0.681815
0.001665 0.267359 0.730976
0.066951 0.002773 0.930276
0.278472 0.029560 0.691969
0.332680 0.140982 0.526338
0.012225 0.005402 0.982374
0.281134 0.000571 0.718295
0.000380 0.013760 0.985860
0.452888 0.204970 0.342142
0.000238 0.015847 0.983914
0.035993 0.138643 0.825363
0.053348 0.139329 0.807324
0.086331 0.007698 0.905971
0.000513 0.000773 0.998714
0.099498 0.131368 0.769134
0.123466 0.279073 0.597461
0.188023 0.005213 0.806763
0.100609 0.143826 0.755564
0.253505 0.017904 0.728590
0.122184 0.064276 0.813540
0.097805 0.000357 0.901837
0.000058 0.166955 0.832987
0.001679 0.062512 0.935809
0.008257 0.074418 0.917325
0.097025 0.270160 0.632815
0.007091 0.086519 0.906390
0.000343 0.032170 0.967487
0.004908 0.000144 0.994948
0.029269 0.007147 0.963584
0.146466 0.112247 0.741287
0.034099 0.059260 0.906641
0.308988 0.156428 0.534584
0.008212 0.009421 0.982367
0.010932 0.021129 0.967939
0.023030 0.002318 0.974652
0.000417 0.124394 0.875189
0.230988 0.377421 0.391590
0.517443 0.451487 0.031071
0.171809 0.720392 0.107799
0.464444 0.499041 0.036515
0.123805 0.707179 0.169016
0.513818 0.311734 0.174447
0.130919 0.751068 0.118013
0.757282 0.123364 0.119354
0.551048 0.339822 0.109130
0.183949 0.509840 0.306211
0.368259 0.533265 0.098476
0.270674 0.465368 0.263958
0.330329 0.457092 0.212578
0.100013 0.677670 0.222317
0.653699 0.200209 0.146092
0.179479 0.717003 0.103518
0.304317 0.601205 0.094478
0.447133 0.327981 0.224886
0.334481 0.612830 0.052688
0.298658 0.529883 0.171458
0.444280 0.364673 0.191047
0.114013 0.732445 0.153542
0.338399 0.594239 0.067362
0.385731 0.497224 0.117046
0.284855 0.678222 0.036923
0.354160 0.633816 0.012024
0.513371 0.191307 0.295322
0.293580 0.481706 0.224714
0.267866 0.646927 0.085207
0.052506 0.688605 0.258889
0.692346 0.001019 0.306635
0.486998 0.135185 0.377817
0.503181 0.218324 0.278496
0.715702 0.183498 0.100800
0.098254 0.698643 0.203103
0.448744 0.525347 0.025909
0.190094 0.500845 0.309061
0.296003 0.620565 0.083432
0.403153 0.536878 0.059969
0.074767 0.831181 0.094052
0.369887 0.508387 0.121725
0.317829 0.486477 0.195694
0.696513 0.246730 0.056757
0.058185 0.930533 0.011282
0.681258 0.250520 0.068222
0.056828 0.887523 0.055649
0.042052 0.674116 0.283832
0.314479 0.573606 0.111914
0.555720 0.257728 0.186552
0.556218 0.383502 0.060280
0.009255 0.911848 0.078897
0.735604 0.088838 0.175558
0.419161 0.398559 0.182279
0.535284 0.194731 0.269985
0.029957 0.820362 0.149681
0.353695 0.385748 0.260558
0.952600 0.010437 0.036963
0.724200 0.175223 0.100577
0.500820 0.221540 0.277641
0.129885 0.718458 0.151656
0.748587 0.199691 0.051722
0.649573 0.344420 0.006007
0.168895 0.800102 0.031003
0.363444 0.541262 0.095295
0.032712 0.766381 0.200908
0.453991 0.259686 0.286323
0.779294 0.010037 0.210670
0.632168 0.284088 0.083745
0.095124 0.825917 0.078959
0.375003 0.524715 0.100282
0.003820 0.845550 0.150630
0.017778 0.830046 0.152176
0.824153 0.072907 0.102940
0.001111 0.888572 0.110316
0.150807 0.637567 0.211626
0.876371 0.090126 0.033503
0.202664 0.673316 0.124020
0.777210 0.135933 0.086857
0.575589 0.387850 0.036561
0.977928 0.018041 0.004031
0.326116 0.511388 0.162495
0.546437 0.400955 0.052608
0.475693 0.467047 0.057260
0.667757 0.238813 0.093431
0.310102 0.331480 0.358418
0.300716 0.542710 0.156574
0.294835 0.535116 0.170049
0.229966 0.505679 0.264355
0.720855 0.050319 0.228827
0.481892 0.461949 0.056160
0.418273 0.394632 0.187095
0.489151 0.406502 0.104347
0.301698 0.593788 0.104514
0.347604 0.478050 0.174346
0.274508 0.530441 0.195051
0.281081 0.341419 0.377500
0.539401 0.300365 0.160234
0.391304 0.406698 0.201998
0.793487 0.017957 0.188556
0.245840 0.656320 0.097841
0.271815 0.698810 0.029375
0.503963 0.458707 0.037330
0.422767 0.192321 0.384912
0.306729 0.419642 0.273629
0.782174 0.080975 0.136851
0.654076 0.133694 0.212230
0.261995 0.549683 0.188323
0.408998 0.495019 0.095983
0.224761 0.708832 0.066406
0.830323 0.120828 0.048849
0.327486 0.485386 0.187129
0.284224 0.383278 0.332498
0.182028 0.511957 0.306015
0.505011 0.246907 0.248082
0.215012 0.552340 0.232648
0.523287 0.182191 0.294521
0.519929 0.023764 0.456307
0.643656 0.056547 0.299797
0.539581 0.197182 0.263237
0.289597 0.430255 0.280148
0.452978 0.248961 0.298061
0.125681 0.750968 0.123352
0.741064 0.123998 0.134938
0.438259 0.311223 0.250518
0.626673 0.208954 0.164373
0.058284 0.712898 0.228818
0.262395 0.447730 0.289876
0.683525 0.153604 0.162871
0.460092 0.143635 0.396273
0.296679 0.526926 0.176395
0.280798 0.383379 0.335823
0.301973 0.406670 0.291356
0.871923 0.064451 0.063626
0.271464 0.308827 0.419709
0.469438 0.215618 0.314943
0.636904 0.130657 0.232439
0.490963 0.258871 0.250166
0.620861 0.037371 0.341768
0.557651 0.293276 0.149073
0.021027 0.703442 0.275531
0.649078 0.235716 0.115206
0.311988 0.397776 0.290236
0.619490 0.243130 0.137380
0.257929 0.477779 0.264292
0.030675 0.529094 0.440231
0.054044 0.628846 0.317110
0.633812 0.137900 0.228288
0.576108 0.028670 0.395222
0.918284 0.037165 0.044550
0.353381 0.250623 0.395997
0.427397 0.391411 0.181192
0.282426 0.349194 0.368379
0.496936 0.172080 0.330984
0.604137 0.167454 0.228410
0.720997 0.097432 0.181571
0.295161 0.339982 0.364857
0.275830 0.504185 0.219985
0.206658 0.632747 0.160595
0.239682 0.586382 0.173936
0.284346 0.386408 0.329246
0.763225 0.088043 0.148732
0.581114 0.099418 0.319468
0.448753 0.215299 0.335948
0.006228 0.661265 0.332507
0.239964 0.551379 0.208657
0.612219 0.012533 0.375247
0.338948 0.456897 0.204155
0.334630 0.454079 0.211291
0.089621 0.692767 0.217612
0.350330 0.257541 0.392129
0.387941 0.379310 0.232749
0.009681 0.689263 0.301056
0.432347 0.503961 0.063692
0.867383 0.031417 0.101200
0.025034 0.471431 0.503535
0.193361 0.606664 0.199975
0.332646 0.377165 0.290189
0.126409 0.730577 0.143014
0.785726 0.005503 0.208771
0.418370 0.349329 0.232301
0.719294 0.067085 0.213622
0.944703 0.054781 0.000515
0.174977 0.515212 0.309811
0.213414 0.554963 0.231623
0.006128 0.718761 0.275110
0.124765 0.492467 0.382768
0.342833 0.413660 0.243507
0.579369 0.302665 0.117966
0.288015 0.695486 0.016499
0.495481 0.283568 0.220951
0.559639 0.148849 0.291512
0.138746 0.635792 0.225462
0.755561 0.030181 0.214258
0.515721 0.325051 0.159228
0.655711 0.028606 0.315684
0.371146 0.429851 0.199004
0.576717 0.243897 0.179386
0.025356 0.711024 0.263620
0.755731 0.031618 0.212651
0.322653 0.345260 0.332087
0.874700 0.123188 0.002112
0.111906 0.568765 0.319329
0.543104 0.287660 0.169236
0.095673 0.638067 0.266259
0.446341 0.434966 0.118693
0.024583 0.745345 0.230072
0.332623 0.479661 0.187717
0.451563 0.300018 0.248419
0.007357 0.881231 0.111412
0.643523 0.176638 0.179839
0.454491 0.499243 0.046266
0.052274 0.930262 0.017464
0.645517 0.211655 0.142828
0.989471 0.008728 0.001801
0.584372 0.331050 0.084578
0.303880 0.616895 0.079225
0.937141 0.036466 0.026393
0.050934 0.858902 0.090164
0.251810 0.747410 0.000780
0.421917 0.497691 0.080391
0.544948 0.389095 0.065957
0.890015 0.109758 0.000226
0.022010 0.973032 0.004958
0.293505 0.650133 0.056362
0.396738 0.429744 0.173518
0.205682 0.686758 0.107560
0.356859 0.511804 0.131337
0.272445 0.638781 0.088774
0.009356 0.970810 0.019834
0.811974 0.075771 0.112255
0.212547 0.746396 0.041057
0.198143 0.796876 0.004981
0.596307 0.346982 0.056711
0.259877 0.729360 0.010763
0.744189 0.081182 0.174629
0.006271 0.988095 0.005634
0.299898 0.550068 0.150034
0.237560 0.713514 0.048926
0.549179 0.304324 0.146497
0.249223 0.745232 0.005545
0.552427 0.432022 0.015551
0.398725 0.440750 0.160525
0.109788 0.860781 0.029431
0.373407 0.566491 0.060102
0.169315 0.764832 0.065854
0.270478 0.633598 0.095924
0.295912 0.673395 0.030693
0.658877 0.173449 0.167674
0.379501 0.535743 0.084756
0.463729 0.473449 0.062822
0.208745 0.605541 0.185714
0.317602 0.520797 0.161601
0.403281 0.594934 0.001785
0.425003 0.462021 0.112976
0.135779 0.745971 0.118250
0.709760 0.271544 0.018696
0.448244 0.506177 0.045578
0.455975 0.521209 0.022816
0.049458 0.841295 0.109247
0.049811 0.930657 0.019531
0.510373 0.478916 0.010711
0.348365 0.271722 0.379913
0.655885 0.295613 0.048502
0.051809 0.931945 0.016247
0.872973 0.101873 0.025154
0.077325 0.897153 0.025522
0.426263 0.537504 0.036233
0.392099 0.469349 0.138552
0.073942 0.802970 0.123089
0.535912 0.376725 0.087363
0.518985 0.434235 0.046780
0.159717 0.813077 0.027206
0.412461 0.439979 0.147560
0.262376 0.607366 0.130258
0.454218 0.471611 0.074171
0.464917 0.487476 0.047607
0.149224 0.843193 0.007583
0.383106 0.497859 0.119034
0.174207 0.733199 0.092594
0.689251 0.294540 0.016208
0.292173 0.619366 0.088461
0.195894 0.525050 0.279056
0.105335 0.799993 0.094672
0.489315 0.328806 0.181879
0.327028 0.627970 0.045002
0.227114 0.745026 0.027860
0.354834 0.543598 0.101567
0.107988 0.789635 0.102377
0.170846 0.822937 0.006217
0.389129 0.446594 0.164277
0.832371 0.084892 0.082737
0.260936 0.595871 0.143193
0.786952 0.057589 0.155459
0.388791 0.570998 0.040212
0.511858 0.451250 0.036892
0.621954 0.319417 0.058629
0.154623 0.719030 0.126347
0.560177 0.365487 0.074336
0.071735 0.854253 0.074012
0.617583 0.368588 0.013829
0.170572 0.809376 0.020052
0.193388 0.659942 0.146670
0.347274 0.568752 0.083974
0.463334 0.517752 0.018914
0.476794 0.519656 0.003550
0.432118 0.409267 0.158614
0.683095 0.211114 0.105792
0.131244 0.786638 0.082118
0.355955 0.611456 0.032589
0.392651 0.571768 0.035581
0.320710 0.637672 0.041618
0.883301 0.114838 0.001862
0.195286 0.637172 0.167542
0.499615 0.337093 0.163292
0.575231 0.417526 0.007243
0.525825 0.363478 0.110698
0.034969 0.945777 0.019254
