0.386579 0.612863 0.000559
0.235150 0.370870 0.393980
0.466677 0.364409 0.168914
0.343362 0.242416 0.414222
0.558790 0.373587 0.067622
0.331335 0.130737 0.537927
0.022365 0.975643 0.001992
0.396351 0.491067 0.112582
0.615626 0.139326 0.245048
0.477667 0.507842 0.014491
0.053853 0.372591 0.573556
0.186128 0.283386 0.530486
0.177429 0.199492 0.623080
0.127796 0.333565 0.538639
0.047569 0.429058 0.523373
0.204792 0.000638 0.794570
0.511667 0.214865 0.273468
0.657341 0.306697 0.035963
0.595435 0.260535 0.144030
0.353802 0.016606 0.629592
0.377510 0.599274 0.023216
0.456833 0.518923 0.024245
0.439780 0.543403 0.016816
0.999506 0.000028 0.000466
0.544393 0.290609 0.164998
0.656911 0.130618 0.212471
0.058112 0.939283 0.002606
0.742662 0.257334 0.000004
0.306737 0.573363 0.119901
0.642548 0.009453 0.347999
0.000013 0.999654 0.000332
0.555911 0.284105 0.159984
0.523667 0.475948 0.000385
0.334843 0.616431 0.048726
0.048798 0.945479 0.005724
0.261064 0.471815 0.267121
0.008915 0.810078 0.181007
0.179793 0.460133 0.360074
0.000001 0.999951 0.000048
0.856763 0.003334 0.139904
0.357201 0.358661 0.284138
0.751712 0.248276 0.000012
0.998858 0.000187 0.000955
0.969392 0.027561 0.003047
0.000089 0.805321 0.194590
0.000533 0.950053 0.049414
0.000001 0.996747 0.003252
0.968885 0.003223 0.027892
0.562310 0.406241 0.031448
0.750214 0.249728 0.000058
0.000046 0.854582 0.145372
0.957800 0.000043 0.042157
0.144812 0.397612 0.457576
0.781407 0.003524 0.215069
0.862262 0.137737 0.000001
0.234011 0.445340 0.320649
0.008952 0.990983 0.000066
0.070716 0.756497 0.172787
0.833169 0.151288 0.015543
0.479530 0.299461 0.221008
0.018872 0.703983 0.277144
0.836956 0.014580 0.148464
0.265182 0.386672 0.348145
0.985423 0.011601 0.002976
0.029983 0.969097 0.000919
0.003480 0.810932 0.185589
0.047756 0.937046 0.015198
0.872764 0.067355 0.059882
0.000001 0.999997 0.000002
0.231498 0.525956 0.242546
0.286591 0.712460 0.000949
0.317940 0.618044 0.064017
0.505113 0.333872 0.161015
0.514572 0.266790 0.218638
0.501322 0.368099 0.130579
0.239236 0.741194 0.019570
0.823770 0.050032 0.126198
0.565015 0.183464 0.251520
0.990443 0.006104 0.003453
0.413952 0.580771 0.005276
0.653617 0.213899 0.132484
0.349231 0.592910 0.057860
0.540578 0.444256 0.015166
0.424747 0.527363 0.047890
0.333178 0.463686 0.203136
0.484026 0.424954 0.091020
0.255708 0.682427 0.061865
0.843542 0.002945 0.153513
0.855234 0.006833 0.137933
0.373132 0.424233 0.202636
0.441687 0.306694 0.251619
0.445421 0.503050 0.051529
0.281900 0.548508 0.169592
0.244688 0.754649 0.000664
0.430602 0.354161 0.215237
0.124638 0.874702 0.000660
0.269565 0.620529 0.109905
0.160049 0.808943 0.031008
0.684660 0.045401 0.269938
0.408094 0.589306 0.002600
0.731618 0.014727 0.253655
0.425741 0.336705 0.237554
0.397725 0.577458 0.024817
0.748659 0.146921 0.104420
0.539775 0.401159 0.059066
0.253063 0.721605 0.025332
0.352005 0.647951 0.000044
0.744731 0.000499 0.254771
0.265053 0.563421 0.171526
0.766689 0.203912 0.029399
0.077132 0.813794 0.109074
0.367245 0.610477 0.022277
0.547430 0.281479 0.171091
0.594814 0.240555 0.164631
0.094717 0.900964 0.004319
0.104451 0.597709 0.297840
0.779670 0.220270 0.000060
0.477836 0.520342 0.001822
0.279376 0.525030 0.195594
0.428831 0.570825 0.000344
0.698925 0.300844 0.000231
0.623098 0.053406 0.323497
0.447691 0.301508 0.250801
0.896086 0.008966 0.094949
0.668491 0.209939 0.121570
0.897908 0.087341 0.014751
0.445514 0.438960 0.115526
0.855904 0.001425 0.142671
0.895915 0.001399 0.102686
0.094900 0.851409 0.053691
0.549293 0.287772 0.162935
0.418070 0.577854 0.004076
0.747843 0.087291 0.164867
0.149800 0.670903 0.179297
0.434551 0.488856 0.076593
0.786301 0.194025 0.019674
0.496857 0.279098 0.224046
0.489347 0.433967 0.076686
0.501395 0.382058 0.116547
0.956626 0.010743 0.032631
0.342224 0.643301 0.014476
0.095689 0.661740 0.242571
0.607000 0.240224 0.152776
0.562443 0.127007 0.310550
0.385406 0.613602 0.000991
0.586346 0.337781 0.075873
0.523160 0.387795 0.089045
0.570650 0.424103 0.005246
0.664908 0.273757 0.061335
0.422000 0.360313 0.217687
0.449061 0.350012 0.200927
0.728274 0.041268 0.230459
0.583542 0.197415 0.219043
0.674789 0.323416 0.001795
0.636400 0.287604 0.075996
0.704325 0.114802 0.180873
0.413123 0.509127 0.077750
0.448203 0.540801 0.010996
0.001982 0.981812 0.016206
0.929716 0.061016 0.009267
0.722501 0.155198 0.122300
0.248529 0.571015 0.180456
0.521331 0.267331 0.211339
0.584148 0.206284 0.209568
0.722695 0.262982 0.014323
0.711180 0.128280 0.160540
0.335436 0.525883 0.138681
0.580897 0.339026 0.080077
0.790386 0.056739 0.152875
0.523872 0.408312 0.067816
0.485846 0.267735 0.246419
0.758405 0.084755 0.156840
0.278255 0.512796 0.208949
0.434792 0.421312 0.143896
0.369036 0.630388 0.000576
0.725746 0.048907 0.225347
0.724146 0.167007 0.108848
0.254497 0.441952 0.303550
0.520768 0.021228 0.458004
0.277909 0.155083 0.567008
0.253656 0.297465 0.448878
0.321284 0.507883 0.170834
0.638526 0.030664 0.330810
0.746187 0.080140 0.173673
0.417286 0.371002 0.211712
0.519237 0.007361 0.473402
0.530609 0.223737 0.245654
0.177722 0.255089 0.567190
0.431602 0.145320 0.423078
0.175265 0.631881 0.192853
0.151906 0.266408 0.581687
0.398062 0.186202 0.415736
0.316936 0.552477 0.130587
0.497409 0.113626 0.388965
0.081628 0.695122 0.223251
0.513431 0.329920 0.156649
0.681262 0.004480 0.314258
0.166844 0.597732 0.235424
0.530228 0.003977 0.465795
0.257394 0.348438 0.394168
0.473631 0.038763 0.487606
0.701860 0.128370 0.169770
0.544372 0.223795 0.231833
0.230740 0.593704 0.175556
0.521181 0.098607 0.380212
0.242802 0.460061 0.297137
0.457536 0.252091 0.290374
0.020658 0.719651 0.259691
0.675497 0.000383 0.324120
0.006605 0.589554 0.403841
0.342548 0.239900 0.417552
0.435757 0.176716 0.387527
0.246752 0.194930 0.558319
0.295200 0.232932 0.471868
0.672607 0.080163 0.247230
0.738069 0.000038 0.261893
0.733031 0.000178 0.266790
0.332898 0.331690 0.335412
0.534913 0.184015 0.281071
0.504412 0.016204 0.479384
0.347209 0.442107 0.210684
0.643206 0.088165 0.268629
0.532780 0.133016 0.334204
0.047751 0.000029 0.952220
0.005291 0.473750 0.520959
0.000641 0.001560 0.997799
0.000049 0.342416 0.657535
0.006049 0.000520 0.993431
0.045949 0.036916 0.917136
0.042092 0.002357 0.955551
0.016445 0.000309 0.983247
0.193612 0.046353 0.760035
0.000123 0.394672 0.605205
0.191519 0.136687 0.671794
0.024827 0.163903 0.811270
0.000001 0.000055 0.999944
0.001234 0.000003 0.998763
0.001551 0.000022 0.998427
0.159631 0.072633 0.767736
0.008519 0.421279 0.570202
0.475589 0.268698 0.255713
0.497566 0.013942 0.488492
0.370060 0.268178 0.361762
0.140788 0.510078 0.349134
0.371908 0.231889 0.396203
0.443992 0.109392 0.446616
0.005396 0.904060 0.090544
0.718799 0.025965 0.255236
0.416213 0.050018 0.533768
0.748493 0.041049 0.210458
0.486582 0.023959 0.489459
0.412633 0.133035 0.454332
0.050551 0.716588 0.232861
0.481183 0.171911 0.346906
0.693083 0.124574 0.182342
0.624068 0.107344 0.268588
0.262039 0.507882 0.230079
0.698637 0.056181 0.245182
0.347112 0.471274 0.181614
0.582414 0.261323 0.156263
0.399205 0.378837 0.221958
0.563689 0.150574 0.285736
0.424439 0.032153 0.543408
0.455521 0.122013 0.422466
0.569996 0.101422 0.328582
0.382981 0.363900 0.253119
0.496242 0.338216 0.165542
0.069369 0.794581 0.136050
0.115472 0.633478 0.251051
0.404810 0.253922 0.341269
0.621309 0.036742 0.341949
0.219928 0.749632 0.030440
0.358161 0.434314 0.207525
0.631313 0.131142 0.237545
0.522153 0.199291 0.278556
0.489585 0.288183 0.222232
0.049394 0.000039 0.950567
0.001145 0.109569 0.889285
0.339470 0.000332 0.660199
0.005666 0.000002 0.994331
0.000009 0.000289 0.999702
0.070002 0.000284 0.929714
0.063173 0.012617 0.924210
0.127215 0.000003 0.872783
0.000471 0.271434 0.728095
0.000286 0.000047 0.999666
0.214173 0.041596 0.744232
0.000006 0.000021 0.999973
0.121707 0.014535 0.863758
0.046555 0.001570 0.951875
0.243997 0.001347 0.754656
0.008144 0.417405 0.574452
0.186501 0.000001 0.813498
0.000009 0.170045 0.829946
0.022183 0.230505 0.747312
0.516414 0.001663 0.481923
0.012136 0.108075 0.879789
0.244527 0.018256 0.737217
0.165392 0.276454 0.558154
0.000001 0.000030 0.999969
0.194149 0.000276 0.805575
0.001431 0.238732 0.759837
0.180713 0.003851 0.815436
0.268579 0.067671 0.663750
0.012073 0.085900 0.902027
0.007132 0.318458 0.674410
0.000677 0.000006 0.999317
0.182339 0.298857 0.518804
0.000140 0.312866 0.686994
0.148355 0.016410 0.835236
0.040109 0.103697 0.856195
0.020199 0.015324 0.964477
0.000108 0.000001 0.999891
0.001645 0.016599 0.981757
0.046512 0.268907 0.684581
0.026751 0.023017 0.950231
0.243527 0.000404 0.756069
0.139735 0.005037 0.855229
0.020978 0.000349 0.978672
0.004534 0.000024 0.995442
0.183654 0.000231 0.816115
0.000265 0.090195 0.909540
0.009002 0.000001 0.990996
0.294745 0.135016 0.570239
0.005842 0.191567 0.802591
0.037337 0.000026 0.962637
0.003488 0.000223 0.996289
0.019133 0.000038 0.980829
0.115204 0.038014 0.846782
0.025390 0.022923 0.951687
0.262884 0.247609 0.489507
0.001110 0.253171 0.745718
0.063302 0.000018 0.936681
0.000101 0.000079 0.999820
0.285613 0.399098 0.315289
0.041039 0.557932 0.401029
0.289877 0.375321 0.334801
0.398142 0.404340 0.197518
0.068837 0.002300 0.928863
0.056841 0.285203 0.657955
0.026360 0.025276 0.948365
0.772323 0.032472 0.195205
0.001212 0.000300 0.998488
0.043135 0.261184 0.695681
0.006407 0.041719 0.951874
0.010237 0.000143 0.989619
0.001063 0.000110 0.998827
0.000002 0.067473 0.932525
0.394047 0.009885 0.596068
0.003723 0.000497 0.995780
0.026234 0.021748 0.952018
0.000611 0.000034 0.999355
0.198289 0.000271 0.801440
0.002565 0.002731 0.994704
0.309619 0.014625 0.675756
0.221097 0.001988 0.776915
0.002322 0.000069 0.997609
0.115986 0.275898 0.608116
0.055535 0.000002 0.944463
0.408175 0.230999 0.360827
0.439122 0.559859 0.001019
0.100391 0.824012 0.075597
0.363594 0.596432 0.039974
0.627522 0.288636 0.083841
0.004162 0.944985 0.050853
0.841923 0.064746 0.093330
0.875008 0.009574 0.115418
0.908683 0.054411 0.036906
0.494622 0.222285 0.283093
0.657702 0.126029 0.216269
0.759610 0.051441 0.188949
0.634080 0.121155 0.244765
0.020623 0.974018 0.005359
0.316563 0.497019 0.186418
0.977724 0.021629 0.000646
0.410240 0.588337 0.001424
0.357070 0.463835 0.179095
0.511825 0.459126 0.029049
0.638161 0.070752 0.291086
0.371555 0.273916 0.354529
0.009872 0.892237 0.097892
0.107761 0.831017 0.061222
0.256658 0.572470 0.170872
0.928275 0.002880 0.068845
0.343314 0.655066 0.001620
0.668953 0.293249 0.037798
0.662989 0.209834 0.127177
0.045346 0.933761 0.020893
0.203110 0.610924 0.185966
0.114265 0.631678 0.254057
0.248081 0.445627 0.306292
0.568922 0.108839 0.322238
0.152606 0.699682 0.147712
0.421809 0.304282 0.273909
0.017148 0.974971 0.007881
0.434793 0.088692 0.476516
0.001270 0.852382 0.146349
0.000032 0.999961 0.000006
0.921530 0.077087 0.001383
0.555417 0.098059 0.346524
0.232043 0.485058 0.282899
0.528374 0.209734 0.261891
0.840820 0.159177 0.000003
0.435492 0.562709 0.001799
0.781102 0.218763 0.000135
0.989352 0.000032 0.010616
0.949167 0.046933 0.003900
0.823329 0.100860 0.075811
0.168551 0.732192 0.099257
0.152775 0.612530 0.234695
0.000053 0.999861 0.000087
0.502140 0.409385 0.088475
0.001622 0.967437 0.030941
0.006539 0.978768 0.014693
0.971366 0.003968 0.024667
0.724796 0.102025 0.173179
0.261528 0.729154 0.009318
0.510841 0.326165 0.162995
0.194243 0.804940 0.000817
0.997054 0.002736 0.000211
0.241209 0.450756 0.308035
0.349913 0.282905 0.367182
0.612906 0.213051 0.174043
0.826023 0.018335 0.155642
0.790912 0.208980 0.000108
0.999621 0.000245 0.000133
0.035172 0.956223 0.008605
0.007207 0.764749 0.228044
0.717271 0.006770 0.275959
0.025763 0.745656 0.228582
0.113224 0.815506 0.071270
0.001981 0.992726 0.005294
0.214149 0.512965 0.272886
0.181051 0.686328 0.132621
0.943615 0.001814 0.054572
0.723105 0.274740 0.002155
0.479609 0.250173 0.270218
0.470041 0.525733 0.004226
0.036869 0.736696 0.226435
0.267202 0.483212 0.249586
0.522950 0.436973 0.040077
0.647778 0.117273 0.234949
0.523203 0.125448 0.351349
0.009400 0.809224 0.181375
0.377090 0.208049 0.414861
0.047818 0.378898 0.573284
0.677931 0.195014 0.127055
0.580998 0.261066 0.157936
0.961723 0.000691 0.037586
0.770821 0.214983 0.014196
0.325604 0.674005 0.000391
0.034721 0.932633 0.032646
0.202374 0.795240 0.002387
0.000959 0.989167 0.009874
0.775215 0.040146 0.184639
0.607887 0.360891 0.031222
0.021227 0.476284 0.502488
0.182705 0.731094 0.086201
0.413335 0.495217 0.091448
0.004003 0.913110 0.082887
0.400976 0.398274 0.200750
0.198403 0.654968 0.146629
0.993724 0.000099 0.006177
0.677521 0.180506 0.141973
0.000442 0.010261 0.989297
0.204685 0.005149 0.790166
0.231992 0.005043 0.762966
0.503792 0.290673 0.205535
0.317049 0.482235 0.200716
0.937388 0.044093 0.018519
0.426231 0.511440 0.062329
0.531078 0.195217 0.273705
0.740326 0.022148 0.237526
0.317994 0.433280 0.248727
