0.231462 0.000010 0.768528
0.000010 0.368947 0.631043
0.999980 0.000010 0.000010
0.129618 0.430032 0.440349
0.609750 0.000010 0.390240
0.616843 0.383147 0.000010
0.306826 0.000010 0.693164
0.999980 0.000010 0.000010
0.128445 0.279295 0.592260
0.285114 0.000010 0.714876
0.040611 0.531508 0.427881
0.000010 0.568166 0.431824
0.000861 0.670926 0.328213
0.340153 0.428519 0.231327
0.410431 0.459813 0.129757
0.194792 0.805198 0.000010
0.188928 0.253105 0.557967
0.025342 0.000010 0.974648
0.653433 0.098305 0.248262
0.297610 0.614490 0.087899
0.206002 0.000010 0.793988
0.999980 0.000010 0.000010
0.440477 0.000010 0.559513
0.720694 0.000010 0.279296
0.999980 0.000010 0.000010
0.999980 0.000010 0.000010
0.221997 0.070425 0.707578
0.144893 0.000010 0.855097
0.052763 0.079289 0.867948
0.000010 0.376959 0.623031
0.645301 0.000010 0.354689
0.055209 0.213786 0.731005
0.351347 0.000010 0.648643
0.000010 0.000010 0.999980
0.451512 0.000010 0.548478
0.870879 0.129111 0.000010
0.419161 0.126983 0.453856
0.000010 0.299316 0.700674
0.285849 0.000010 0.714141
0.000010 0.185913 0.814077
0.999980 0.000010 0.000010
0.112742 0.000010 0.887248
0.699202 0.000010 0.300788
0.572163 0.022362 0.405475
0.387477 0.157171 0.455353
0.551556 0.100239 0.348206
0.512100 0.005979 0.481921
0.999980 0.000010 0.000010
0.400766 0.000010 0.599224
0.000010 0.000010 0.999980
0.999980 0.000010 0.000010
0.343294 0.068340 0.588366
0.999980 0.000010 0.000010
0.229886 0.292404 0.477710
0.000010 0.000010 0.999980
0.862555 0.137435 0.000010
0.181099 0.000010 0.818891
0.999980 0.000010 0.000010
0.448232 0.016666 0.535102
0.000010 0.248516 0.751474
0.335586 0.165714 0.498700
0.235611 0.230124 0.534265
0.262539 0.359311 0.378150
0.999980 0.000010 0.000010
0.382598 0.000010 0.617392
0.000010 0.172302 0.827688
0.453956 0.000010 0.546034
0.000010 0.149333 0.850657
0.790142 0.000010 0.209848
0.212096 0.211302 0.576602
0.000010 0.000010 0.999980
0.568199 0.000010 0.431791
0.999980 0.000010 0.000010
0.380331 0.139032 0.480636
0.437188 0.085218 0.477594
0.415246 0.000010 0.584744
0.104347 0.184170 0.711483
0.900335 0.099655 0.000010
0.403532 0.000010 0.596458
0.475012 0.000010 0.524978
0.505884 0.108730 0.385386
0.206563 0.038786 0.754651
0.000010 0.000010 0.999980
0.157333 0.037777 0.804890
0.359568 0.172702 0.467730
0.030404 0.119596 0.850000
0.586651 0.000010 0.413339
0.214872 0.289546 0.495582
0.358741 0.182883 0.458376
0.998296 0.001694 0.000010
0.999980 0.000010 0.000010
0.185871 0.063747 0.750382
0.629238 0.084437 0.286325
0.591161 0.000010 0.408829
0.497701 0.169598 0.332701
0.542577 0.000010 0.457413
0.000010 0.113890 0.886100
0.723987 0.000010 0.276003
0.372812 0.264365 0.362823
0.648514 0.000010 0.351476
0.958720 0.041270 0.000010
0.915672 0.084318 0.000010
0.568959 0.000010 0.431031
0.406029 0.075710 0.518261
0.426838 0.000010 0.573152
0.700857 0.000010 0.299133
0.378373 0.000010 0.621617
0.043390 0.367667 0.588943
0.925464 0.074526 0.000010
0.191822 0.091351 0.716827
0.427212 0.039194 0.533593
0.324419 0.000010 0.675571
0.999980 0.000010 0.000010
0.525246 0.030608 0.444146
0.470517 0.000010 0.529473
0.279606 0.242789 0.477605
0.166324 0.000010 0.833666
0.190352 0.000010 0.809638
0.167916 0.189204 0.642880
0.000010 0.000010 0.999980
0.000488 0.000010 0.999502
0.999463 0.000527 0.000010
0.323719 0.214060 0.462221
0.115085 0.159586 0.725329
0.999980 0.000010 0.000010
0.378214 0.000010 0.621776
0.000010 0.110807 0.889183
0.369291 0.200887 0.429822
0.415515 0.180532 0.403953
0.564741 0.000010 0.435249
0.466661 0.093381 0.439959
0.612911 0.000010 0.387079
0.000010 0.229908 0.770082
0.222448 0.120777 0.656775
0.657414 0.000010 0.342576
0.201566 0.124079 0.674355
0.320656 0.175723 0.503620
0.322744 0.048291 0.628965
0.000010 0.000306 0.999684
0.402287 0.067355 0.530358
0.623242 0.000010 0.376748
0.428704 0.191531 0.379766
0.223618 0.168245 0.608137
0.355461 0.279400 0.365139
0.492333 0.000010 0.507657
0.999980 0.000010 0.000010
0.999980 0.000010 0.000010
0.224058 0.000010 0.775932
0.786647 0.000010 0.213343
0.146297 0.261722 0.591981
0.606417 0.140873 0.252710
0.107453 0.321243 0.571305
0.778732 0.063334 0.157933
0.000010 0.000010 0.999980
0.559699 0.000010 0.440291
0.269131 0.197929 0.532939
0.699093 0.007716 0.293190
0.293459 0.000010 0.706531
0.496044 0.000010 0.503946
0.114234 0.000010 0.885756
0.000010 0.158212 0.841778
0.440909 0.118396 0.440695
0.999980 0.000010 0.000010
0.208244 0.205667 0.586088
0.419052 0.000010 0.580938
0.316910 0.147352 0.535737
0.629228 0.029211 0.341561
0.091381 0.109817 0.798802
0.146865 0.166091 0.687044
0.107558 0.106514 0.785927
0.962494 0.037496 0.000010
0.071801 0.186631 0.741568
0.357079 0.181229 0.461692
0.965118 0.000010 0.034872
0.623765 0.000010 0.376225
0.284006 0.248270 0.467724
0.999980 0.000010 0.000010
0.387715 0.210847 0.401439
0.267344 0.504577 0.228079
0.660575 0.339415 0.000010
0.205248 0.421754 0.372998
0.160427 0.170502 0.669070
0.179270 0.352263 0.468467
0.152549 0.216496 0.630955
0.953920 0.046070 0.000010
0.549090 0.450900 0.000010
0.704794 0.174841 0.120365
0.046942 0.509094 0.443964
0.439624 0.338938 0.221438
0.300641 0.075953 0.623406
0.163587 0.544844 0.291569
0.324653 0.418450 0.256897
0.647496 0.053870 0.298634
0.852411 0.147579 0.000010
0.000010 0.229411 0.770579
0.000010 0.175155 0.824835
0.188665 0.338063 0.473271
0.164724 0.190468 0.644808
0.197562 0.511080 0.291357
0.178095 0.356219 0.465686
0.000010 0.538008 0.461982
0.005358 0.229676 0.764965
0.999980 0.000010 0.000010
0.424775 0.104233 0.470992
0.122893 0.398013 0.479094
0.000010 0.274743 0.725247
0.512149 0.203567 0.284284
0.297872 0.189634 0.512494
0.151443 0.378064 0.470493
0.391643 0.294096 0.314260
0.136486 0.409650 0.453864
0.369058 0.309025 0.321917
0.654450 0.345540 0.000010
0.210796 0.445538 0.343666
0.493760 0.224935 0.281306
0.197387 0.344111 0.458502
0.296411 0.320416 0.383173
0.035526 0.373947 0.590527
0.466376 0.269983 0.263641
0.747769 0.252221 0.000010
0.515282 0.195252 0.289466
0.877185 0.122805 0.000010
0.273320 0.371139 0.355541
0.000010 0.947322 0.052668
0.402296 0.396954 0.200750
0.231630 0.768360 0.000010
0.077941 0.708534 0.213525
0.000010 0.999980 0.000010
0.000010 0.833156 0.166834
0.324669 0.675321 0.000010
0.000010 0.999980 0.000010
0.163152 0.721488 0.115361
0.422492 0.577498 0.000010
0.000010 0.665062 0.334928
0.109531 0.780333 0.110136
0.072297 0.927693 0.000010
0.000010 0.999980 0.000010
0.000010 0.999980 0.000010
0.149411 0.744035 0.106554
0.401626 0.544032 0.054342
0.870926 0.129064 0.000010
0.701501 0.298489 0.000010
0.832899 0.167091 0.000010
0.040572 0.362645 0.596782
0.147564 0.384199 0.468237
0.400615 0.383314 0.216071
0.657496 0.104280 0.238224
0.357579 0.259781 0.382640
0.363831 0.531364 0.104805
0.065737 0.248411 0.685852
0.138405 0.503958 0.357637
0.352101 0.459055 0.188844
0.568425 0.204455 0.227120
0.000010 0.350617 0.649373
0.439379 0.156339 0.404281
0.000010 0.271008 0.728982
0.315586 0.173380 0.511034
0.053847 0.298379 0.647775
0.000010 0.171621 0.828369
0.000010 0.173669 0.826321
0.000010 0.235196 0.764794
0.000010 0.360174 0.639816
0.340940 0.542173 0.116888
0.764385 0.235605 0.000010
0.414251 0.339524 0.246225
0.999980 0.000010 0.000010
0.271257 0.133845 0.594898
0.771931 0.049063 0.179006
0.468432 0.175852 0.355716
0.134557 0.336814 0.528629
0.172264 0.326746 0.500990
0.420052 0.000010 0.579938
0.488598 0.168262 0.343140
0.139428 0.264959 0.595613
0.254465 0.237730 0.507805
0.257713 0.233911 0.508376
0.000010 0.999980 0.000010
0.000010 0.867634 0.132356
0.000010 0.750261 0.249729
0.000010 0.999980 0.000010
0.000010 0.999980 0.000010
0.406822 0.593168 0.000010
0.163767 0.836223 0.000010
0.000010 0.999980 0.000010
0.184829 0.719486 0.095685
0.000010 0.999980 0.000010
0.109075 0.709264 0.181661
0.000010 0.999980 0.000010
0.000010 0.837579 0.162411
0.039776 0.960214 0.000010
0.174090 0.719847 0.106063
0.000010 0.516092 0.483898
0.000010 0.993745 0.006245
0.423340 0.576650 0.000010
0.000010 0.741803 0.258187
0.202241 0.532425 0.265334
0.153129 0.846861 0.000010
0.181225 0.737812 0.080962
0.210390 0.534328 0.255282
0.000010 0.999980 0.000010
0.000010 0.831380 0.168610
0.000010 0.722197 0.277793
0.312108 0.687882 0.000010
0.182219 0.624759 0.193022
0.000010 0.821389 0.178601
0.379685 0.620305 0.000010
0.000010 0.999980 0.000010
0.118789 0.504439 0.376773
0.177363 0.605301 0.217336
0.235619 0.764371 0.000010
0.000010 0.855847 0.144143
0.000010 0.999980 0.000010
0.000010 0.999980 0.000010
0.000010 0.848400 0.151590
0.557606 0.442384 0.000010
0.000010 0.944444 0.055546
0.000010 0.819144 0.180846
0.021644 0.964625 0.013731
0.306864 0.693126 0.000010
0.000010 0.999980 0.000010
0.150972 0.849018 0.000010
0.317228 0.682762 0.000010
0.000010 0.999980 0.000010
0.000010 0.548326 0.451664
0.206580 0.751813 0.041607
0.000010 0.999980 0.000010
0.288377 0.711613 0.000010
0.000010 0.999980 0.000010
0.054392 0.909499 0.036109
0.028340 0.971650 0.000010
0.383951 0.387235 0.228815
0.000010 0.709148 0.290842
0.305678 0.694312 0.000010
0.236850 0.763140 0.000010
0.089053 0.332820 0.578126
0.408104 0.280517 0.311379
0.323853 0.288960 0.387187
0.999980 0.000010 0.000010
0.126434 0.873556 0.000010
0.034079 0.657550 0.308372
0.497043 0.502947 0.000010
0.221486 0.252206 0.526308
0.000010 0.999980 0.000010
0.000010 0.639103 0.360887
0.370976 0.629014 0.000010
0.126445 0.873545 0.000010
0.000010 0.999980 0.000010
0.296054 0.703936 0.000010
0.000010 0.691765 0.308225
0.000010 0.999980 0.000010
0.300245 0.699745 0.000010
0.000010 0.999980 0.000010
0.179067 0.820923 0.000010
0.000010 0.999980 0.000010
0.000010 0.724571 0.275419
0.000010 0.808293 0.191697
0.000010 0.999980 0.000010
0.577282 0.363949 0.058769
0.213263 0.786727 0.000010
0.000010 0.365815 0.634175
0.609412 0.000010 0.390578
0.000010 0.000010 0.999980
0.999980 0.000010 0.000010
0.626935 0.028389 0.344676
0.654305 0.000010 0.345685
0.352346 0.055276 0.592379
0.999980 0.000010 0.000010
0.415163 0.000010 0.584827
0.590874 0.146381 0.262745
0.598238 0.171114 0.230648
0.999980 0.000010 0.000010
0.416587 0.201066 0.382347
0.441348 0.000010 0.558642
0.055571 0.260716 0.683712
0.153737 0.000010 0.846253
0.242475 0.000010 0.757515
0.295674 0.142408 0.561918
0.087490 0.000010 0.912500
0.151689 0.357078 0.491234
0.000010 0.343742 0.656248
0.683923 0.000010 0.316067
0.811653 0.000010 0.188337
0.281405 0.132090 0.586505
0.190939 0.133741 0.675321
0.594553 0.000010 0.405437
0.348589 0.151648 0.499763
0.088445 0.114175 0.797380
0.000010 0.000010 0.999980
0.447209 0.122527 0.430264
0.778782 0.132699 0.088519
0.522604 0.256492 0.220903
0.780612 0.219378 0.000010
0.739908 0.069529 0.190563
0.000010 0.285278 0.714712
0.059292 0.000010 0.940698
0.000010 0.486141 0.513849
0.124703 0.161566 0.713731
0.384612 0.000010 0.615378
0.000010 0.000010 0.999980
0.211770 0.345733 0.442498
0.999980 0.000010 0.000010
0.999980 0.000010 0.000010
0.000010 0.000010 0.999980
0.539607 0.000010 0.460383
0.394233 0.000010 0.605757
0.396997 0.127902 0.475101
0.950432 0.032064 0.017504
0.322865 0.178897 0.498237
0.427932 0.000010 0.572058
0.312516 0.203387 0.484097
0.575183 0.000010 0.424807
0.133432 0.161542 0.705025
0.786502 0.000010 0.213488
0.107072 0.000010 0.892918
0.563909 0.050888 0.385204
0.999980 0.000010 0.000010
0.593350 0.000010 0.406640
0.112351 0.179849 0.707800
0.104351 0.000010 0.895639
0.195954 0.000010 0.804036
0.771516 0.041528 0.186955
0.999980 0.000010 0.000010
0.327663 0.176340 0.495997
0.000010 0.273312 0.726678
0.213337 0.000010 0.786653
0.100338 0.000010 0.899652
0.999980 0.000010 0.000010
0.583217 0.122879 0.293904
0.334315 0.346004 0.319681
0.979011 0.020979 0.000010
0.166818 0.079793 0.753389
0.600361 0.000010 0.399629
0.999980 0.000010 0.000010
0.999980 0.000010 0.000010
0.187496 0.130230 0.682274
0.999980 0.000010 0.000010
0.171713 0.285786 0.542502
0.341989 0.055254 0.602756
0.000010 0.164376 0.835614
0.453957 0.150853 0.395190
0.456257 0.086232 0.457511
0.187801 0.302840 0.509359
0.000010 0.428588 0.571402
0.978313 0.021677 0.000010
0.508319 0.386505 0.105176
0.602660 0.397330 0.000010
0.379045 0.137811 0.483144
0.310110 0.108289 0.581601
0.632320 0.120941 0.246739
0.595549 0.000010 0.404441
0.459646 0.000010 0.540344
0.437124 0.056924 0.505952
0.530782 0.000010 0.469208
0.908002 0.000010 0.091988
0.831918 0.001334 0.166747
0.000010 0.000010 0.999980
0.147743 0.464494 0.387763
0.079880 0.065587 0.854534
0.390617 0.002186 0.607197
0.423571 0.058231 0.518198
0.229727 0.167210 0.603064
0.277034 0.122792 0.600173
0.146804 0.094705 0.758491
0.000010 0.179323 0.820667
0.296209 0.703781 0.000010
0.298692 0.701298 0.000010
0.129989 0.760237 0.109773
0.999980 0.000010 0.000010
0.675583 0.106868 0.217549
0.999980 0.000010 0.000010
0.797987 0.000010 0.202003
0.459514 0.199484 0.341002
0.285528 0.247469 0.467003
0.476841 0.118513 0.404646
