0.748646 0.072096 0.179258
0.561332 0.176374 0.262294
0.896135 0.001944 0.101920
0.528059 0.241761 0.230180
0.958668 0.024458 0.016873
0.623683 0.213389 0.162927
0.664603 0.294250 0.041147
0.675731 0.292559 0.031710
0.782043 0.104929 0.113028
0.501374 0.299046 0.199580
0.891256 0.000084 0.108660
0.214788 0.350699 0.434513
0.589028 0.324519 0.086453
0.799020 0.000744 0.200236
0.443370 0.283591 0.273039
0.603622 0.248487 0.147891
0.666612 0.008025 0.325363
0.496404 0.234374 0.269222
0.624879 0.163430 0.211692
0.884225 0.011550 0.104225
0.586999 0.402528 0.010473
0.761844 0.145733 0.092423
0.822987 0.020779 0.156234
0.778664 0.000001 0.221335
0.707830 0.259299 0.032871
0.670070 0.018616 0.311314
0.812301 0.015867 0.171831
0.860791 0.006099 0.133110
0.676947 0.005100 0.317952
0.903756 0.000167 0.096077
0.157102 0.377449 0.465449
0.656833 0.326237 0.016929
0.972928 0.023763 0.003309
0.269771 0.634228 0.096001
0.528778 0.262982 0.208239
0.737552 0.002288 0.260160
0.009980 0.637354 0.352666
0.908809 0.037079 0.054112
0.228860 0.661202 0.109938
0.251788 0.323647 0.424565
0.467867 0.316042 0.216091
0.359684 0.383106 0.257210
0.290800 0.346869 0.362331
0.143940 0.362141 0.493919
0.630084 0.291238 0.078677
0.000064 0.798807 0.201129
0.176717 0.587649 0.235635
0.546044 0.241569 0.212387
0.752261 0.233546 0.014192
0.684931 0.215910 0.099159
0.515743 0.060856 0.423401
0.992040 0.000883 0.007077
0.459829 0.333469 0.206702
0.659571 0.202201 0.138228
0.713909 0.243374 0.042717
0.000015 0.000041 0.999944
0.393621 0.069203 0.537176
0.000092 0.000005 0.999903
0.000001 0.000548 0.999451
0.014417 0.028442 0.957141
0.000134 0.136011 0.863855
0.002544 0.002095 0.995361
0.296154 0.000416 0.703430
0.001954 0.310082 0.687964
0.000054 0.068290 0.931656
0.321816 0.000940 0.677244
0.086226 0.159245 0.754529
0.000001 0.000001 0.999998
0.000001 0.006170 0.993829
0.000002 0.000014 0.999984
0.010926 0.206343 0.782731
0.045315 0.245298 0.709387
0.388029 0.578823 0.033148
0.263929 0.389217 0.346854
0.926008 0.053213 0.020779
0.556073 0.269522 0.174405
0.385363 0.510910 0.103727
0.271763 0.566043 0.162194
0.603931 0.334474 0.061595
0.739255 0.002203 0.258542
0.640478 0.339006 0.020516
0.914234 0.000813 0.084953
0.355983 0.530979 0.113038
0.471517 0.301423 0.227060
0.287857 0.518445 0.193698
0.695508 0.068528 0.235964
0.799529 0.002928 0.197543
0.437348 0.279920 0.282732
0.911075 0.000110 0.088815
0.766355 0.001176 0.232469
0.593686 0.263122 0.143192
0.339713 0.572790 0.087497
0.003504 0.554747 0.441749
0.999896 0.000044 0.000061
0.480925 0.341715 0.177360
0.467460 0.344681 0.187859
0.726990 0.168792 0.104218
0.707239 0.119004 0.173758
0.457310 0.511045 0.031645
0.570604 0.352221 0.077175
0.673192 0.226891 0.099917
0.548825 0.343142 0.108033
0.981782 0.017043 0.001174
0.000386 0.000027 0.999588
0.000001 0.000112 0.999886
0.552304 0.000579 0.447117
0.000001 0.000010 0.999989
0.000118 0.000677 0.999205
0.000158 0.041934 0.957908
0.053806 0.005140 0.941054
0.000041 0.000021 0.999938
0.005298 0.041992 0.952710
0.000001 0.006704 0.993295
0.850822 0.000903 0.148276
0.164719 0.000001 0.835280
0.219871 0.000001 0.780128
0.072553 0.000002 0.927445
0.000235 0.000001 0.999764
0.000098 0.005227 0.994676
0.000001 0.000001 0.999998
0.021222 0.176991 0.801787
0.000012 0.351585 0.648403
0.060766 0.246090 0.693144
0.000012 0.082592 0.917396
0.000314 0.001094 0.998592
0.000023 0.000027 0.999950
0.347410 0.000305 0.652285
0.375171 0.000009 0.624820
0.000001 0.000001 0.999998
0.011429 0.042397 0.946174
0.050829 0.000046 0.949125
0.026497 0.001270 0.972233
0.213465 0.248801 0.537734
0.000393 0.000003 0.999604
0.000191 0.000006 0.999803
0.000011 0.000202 0.999787
0.000001 0.000005 0.999995
0.000001 0.000001 0.999998
0.000452 0.091820 0.907728
0.478535 0.034624 0.486841
0.439727 0.001086 0.559187
0.000001 0.000001 0.999998
0.297126 0.088344 0.614531
0.450281 0.000054 0.549666
0.190040 0.000197 0.809763
0.000001 0.000012 0.999987
0.167458 0.193256 0.639285
0.092030 0.267166 0.640804
0.000001 0.000001 0.999998
0.341480 0.012189 0.646331
0.000113 0.223567 0.776320
0.006408 0.000024 0.993569
0.316927 0.000710 0.682364
0.505378 0.011737 0.482885
0.000001 0.000001 0.999998
0.264430 0.000001 0.735569
0.000001 0.000040 0.999959
0.412311 0.296784 0.290906
0.000001 0.000013 0.999986
0.002498 0.118396 0.879106
0.118845 0.175364 0.705791
0.035703 0.081568 0.882730
0.000001 0.000001 0.999998
0.025806 0.170270 0.803924
0.042866 0.310967 0.646167
0.136232 0.000006 0.863762
0.186568 0.130188 0.683244
0.314390 0.000307 0.685302
0.203992 0.013525 0.782483
0.009400 0.000001 0.990599
0.000001 0.020175 0.979824
0.000001 0.010321 0.989678
0.000007 0.000302 0.999691
0.223957 0.189294 0.586749
0.000069 0.009241 0.990691
0.000001 0.000088 0.999911
0.000027 0.000001 0.999972
0.000556 0.000510 0.998934
0.445178 0.002464 0.552358
0.027895 0.019624 0.952481
0.404436 0.137120 0.458444
0.000003 0.000048 0.999950
0.000274 0.014955 0.984771
0.000092 0.000001 0.999907
0.000024 0.000772 0.999205
0.430726 0.259931 0.309343
0.324569 0.673431 0.002000
0.178631 0.773917 0.047452
0.367694 0.631447 0.000859
0.304466 0.621673 0.073862
0.770125 0.151225 0.078650
0.004326 0.960236 0.035437
0.522989 0.391221 0.085790
0.667733 0.295199 0.037068
0.354231 0.399533 0.246237
0.253635 0.691324 0.055041
0.369323 0.436929 0.193749
0.411244 0.439072 0.149684
0.352569 0.563560 0.083871
0.818260 0.131457 0.050282
0.145124 0.761893 0.092982
0.299819 0.680901 0.019280
0.448752 0.382604 0.168644
0.210943 0.777366 0.011691
0.284477 0.596782 0.118741
0.579466 0.307555 0.112979
0.053201 0.828694 0.118106
0.401845 0.585885 0.012270
0.299916 0.614916 0.085167
0.284397 0.713796 0.001807
0.248905 0.736109 0.014986
0.303994 0.486811 0.209195
0.227568 0.608322 0.164110
0.398445 0.572756 0.028799
0.266303 0.556292 0.177406
0.731544 0.002767 0.265689
0.352371 0.361606 0.286022
0.543555 0.227866 0.228580
0.683830 0.274725 0.041445
0.247953 0.521929 0.230118
0.600433 0.399528 0.000040
0.220282 0.527838 0.251880
0.180710 0.738055 0.081235
0.197041 0.796032 0.006927
0.001262 0.990373 0.008365
0.308300 0.589332 0.102368
0.330359 0.480577 0.189064
0.452388 0.547278 0.000334
0.000226 0.999773 0.000002
0.457443 0.525338 0.017218
0.006888 0.966409 0.026703
0.006197 0.761182 0.232622
0.233447 0.738949 0.027605
0.433521 0.466335 0.100144
0.494223 0.466069 0.039707
0.000009 0.983140 0.016852
0.586631 0.253318 0.160051
0.504317 0.403234 0.092448
0.478719 0.320321 0.200961
0.005078 0.884100 0.110822
0.324402 0.444925 0.230672
0.945232 0.008964 0.045804
0.422010 0.503449 0.074541
0.510784 0.272883 0.216333
0.343860 0.544947 0.111194
0.348835 0.600032 0.051133
0.556357 0.391571 0.052072
0.383043 0.477937 0.139021
0.419109 0.562890 0.018002
0.007098 0.847167 0.145735
0.501923 0.278754 0.219323
0.804781 0.000100 0.195119
0.559424 0.363076 0.077500
0.010528 0.911553 0.077919
0.337021 0.658537 0.004442
0.000942 0.794573 0.204485
0.001342 0.824050 0.174608
0.982885 0.005309 0.011806
0.001033 0.852643 0.146325
0.192532 0.589880 0.217588
0.932971 0.054186 0.012842
0.194375 0.706557 0.099069
0.625524 0.361011 0.013465
0.151197 0.845741 0.003062
0.995409 0.004540 0.000050
0.039525 0.878136 0.082339
0.382629 0.616194 0.001178
0.515688 0.481839 0.002473
0.650060 0.343374 0.006566
0.410057 0.305374 0.284568
0.712990 0.274119 0.012891
0.450452 0.468475 0.081074
0.170655 0.589283 0.240062
0.676039 0.216791 0.107170
0.657051 0.341984 0.000966
0.539533 0.417718 0.042749
0.442601 0.536754 0.020644
0.104916 0.823001 0.072083
0.348796 0.524190 0.127014
0.330710 0.560811 0.108479
0.832199 0.017614 0.150187
0.688470 0.273930 0.037600
0.589085 0.281829 0.129086
0.578854 0.213102 0.208044
0.232692 0.686231 0.081076
0.458015 0.541819 0.000166
0.391337 0.607911 0.000752
0.729632 0.008063 0.262305
0.378358 0.416654 0.204987
0.328599 0.510123 0.161278
0.444051 0.384717 0.171232
0.205036 0.623335 0.171629
0.360290 0.608671 0.031039
0.164279 0.827122 0.008598
0.808349 0.180294 0.011358
0.199877 0.590374 0.209749
0.503489 0.234977 0.261533
0.063835 0.580475 0.355690
0.773135 0.070905 0.155960
0.462077 0.356022 0.181901
0.618772 0.119454 0.261774
0.555811 0.001773 0.442416
0.667491 0.045751 0.286759
0.618071 0.232918 0.149011
0.514615 0.304114 0.181271
0.187582 0.451606 0.360811
0.230271 0.701366 0.068363
0.736670 0.118471 0.144860
0.385631 0.413165 0.201204
0.636975 0.249741 0.113284
0.047492 0.712418 0.240090
0.392903 0.369037 0.238060
0.789039 0.173297 0.037664
0.662462 0.009542 0.327995
0.558221 0.354308 0.087471
0.419886 0.307979 0.272135
0.543513 0.235766 0.220721
0.982910 0.016305 0.000785
0.507033 0.178746 0.314221
0.638215 0.143018 0.218767
0.937113 0.001286 0.061601
0.506597 0.310883 0.182520
0.756469 0.002142 0.241390
0.541529 0.307515 0.150956
0.041216 0.622216 0.336568
0.767831 0.179229 0.052940
0.335863 0.429252 0.234885
0.780827 0.172719 0.046454
0.431829 0.339923 0.228248
0.353402 0.338169 0.308429
0.247246 0.425729 0.327026
0.900281 0.013720 0.085999
0.494547 0.222976 0.282477
0.973728 0.025362 0.000911
0.423401 0.242738 0.333861
0.630514 0.310573 0.058913
0.507042 0.202236 0.290722
0.618466 0.137062 0.244473
0.816795 0.096079 0.087126
0.426759 0.494307 0.078934
0.438071 0.260934 0.300995
0.397391 0.393080 0.209529
0.287612 0.568512 0.143876
0.382632 0.535621 0.081747
0.640434 0.162085 0.197481
0.976948 0.002594 0.020458
0.607852 0.116432 0.275717
0.394325 0.308881 0.296794
0.030031 0.618899 0.351070
0.328930 0.451300 0.219769
0.600464 0.033720 0.365816
0.537829 0.364356 0.097815
0.465541 0.367627 0.166832
0.024516 0.737714 0.237770
0.548811 0.157373 0.293817
0.414561 0.399991 0.185448
0.152309 0.587876 0.259815
0.399391 0.579726 0.020884
0.947179 0.001518 0.051302
0.017945 0.418455 0.563600
0.317595 0.560472 0.121933
0.430964 0.317423 0.251613
0.183859 0.679820 0.136321
0.944619 0.000001 0.055379
0.508915 0.315045 0.176040
0.516912 0.315843 0.167244
0.985186 0.014783 0.000032
0.145023 0.528015 0.326962
0.204222 0.573698 0.222080
0.000439 0.674784 0.324777
0.461997 0.239400 0.298603
0.421253 0.335211 0.243535
0.633607 0.323388 0.043005
0.418536 0.577426 0.004038
0.637196 0.226690 0.136114
0.821415 0.012126 0.166459
0.175487 0.619170 0.205343
0.832357 0.051190 0.116453
0.572642 0.370990 0.056368
0.694827 0.040339 0.264834
0.620319 0.316932 0.062749
0.674228 0.203858 0.121914
0.018176 0.679257 0.302567
0.697880 0.176402 0.125718
0.182685 0.502566 0.314749
0.944105 0.055735 0.000161
0.187422 0.450232 0.362346
0.636023 0.265272 0.098705
0.272993 0.528351 0.198657
0.651498 0.288120 0.060383
0.119675 0.596052 0.284273
0.343716 0.456589 0.199696
0.680542 0.199062 0.120396
0.024556 0.683958 0.291486
0.720048 0.183206 0.096746
0.255252 0.743408 0.001340
0.045503 0.954244 0.000253
0.608899 0.324569 0.066532
0.994967 0.005032 0.000001
0.470321 0.522259 0.007419
0.147781 0.837394 0.014826
0.379374 0.556080 0.064546
0.000001 0.997798 0.002201
0.028891 0.971108 0.000001
0.329358 0.644947 0.025695
0.345067 0.648651 0.006282
0.504573 0.495406 0.000021
0.000006 0.999993 0.000001
0.168159 0.781961 0.049880
0.216236 0.640165 0.143599
0.298796 0.640842 0.060362
0.201475 0.696813 0.101712
0.165511 0.795705 0.038784
0.000002 0.999731 0.000268
0.578555 0.394779 0.026666
0.022082 0.913069 0.064849
0.056931 0.942953 0.000116
0.370782 0.627520 0.001698
0.166001 0.833997 0.000002
0.667409 0.176190 0.156401
0.000001 0.999996 0.000003
0.208209 0.646422 0.145368
0.277290 0.708040 0.014670
0.472407 0.421872 0.105722
0.216127 0.783822 0.000051
0.335402 0.664333 0.000266
0.348021 0.531023 0.120956
0.155311 0.844487 0.000202
0.122656 0.786811 0.090533
0.137511 0.824925 0.037564
0.280591 0.678673 0.040735
0.134476 0.862590 0.002934
0.614601 0.360688 0.024712
0.199734 0.782637 0.017629
0.466729 0.524866 0.008405
0.103830 0.695695 0.200475
0.619887 0.317940 0.062172
0.355553 0.639100 0.005347
0.418650 0.552383 0.028967
0.280850 0.681389 0.037761
0.346065 0.570361 0.083574
0.169616 0.817113 0.013271
0.278350 0.721553 0.000098
0.090269 0.851052 0.058680
0.000177 0.999821 0.000002
0.363583 0.636360 0.000057
0.258017 0.363618 0.378365
0.391875 0.602769 0.005356
0.000735 0.998871 0.000394
0.559411 0.440295 0.000294
0.008726 0.962833 0.028441
0.386288 0.491272 0.122439
0.352813 0.583932 0.063254
0.180684 0.736248 0.083068
0.262028 0.667360 0.070611
0.423519 0.543135 0.033346
0.025450 0.974219 0.000331
0.240832 0.623523 0.135645
0.181000 0.738764 0.080236
0.301862 0.676224 0.021913
0.195176 0.802948 0.001876
0.032025 0.966160 0.001816
0.372730 0.545895 0.081375
0.260323 0.734928 0.004749
0.525285 0.474714 0.000001
0.306713 0.676386 0.016901
0.035084 0.724805 0.240110
0.167657 0.751638 0.080705
0.428472 0.439313 0.132214
0.184308 0.814591 0.001101
0.407659 0.592175 0.000166
0.137175 0.822792 0.040033
0.133541 0.795332 0.071127
0.035183 0.964793 0.000024
0.410855 0.476648 0.112497
0.608436 0.323461 0.068103
0.222774 0.689182 0.088044
0.319023 0.561964 0.119013
0.182300 0.812270 0.005431
0.496212 0.503597 0.000191
0.594580 0.401523 0.003897
0.074528 0.848502 0.076971
0.462466 0.528192 0.009341
0.000156 0.991921 0.007924
0.471867 0.527922 0.000212
0.221475 0.778455 0.000070
0.060839 0.763770 0.175391
0.037258 0.921724 0.041018
0.332547 0.665503 0.001950
0.278733 0.721261 0.000007
0.117807 0.784045 0.098148
0.554415 0.411493 0.034092
0.036685 0.875681 0.087634
0.247172 0.687732 0.065096
0.108370 0.890958 0.000672
0.230919 0.766586 0.002496
0.778873 0.221112 0.000015
0.011058 0.862645 0.126297
0.395575 0.488550 0.115874
0.432773 0.567226 0.000002
0.517780 0.457786 0.024435
0.000524 0.997584 0.001892
