0.702597 0.094660 0.202743
0.568052 0.130051 0.301897
0.740767 0.053883 0.205351
0.327565 0.400392 0.272043
0.740997 0.160204 0.098799
0.476048 0.312623 0.211329
0.649665 0.277861 0.072475
0.529592 0.380741 0.089667
0.702514 0.108857 0.188629
0.339650 0.408735 0.251615
0.750395 0.014235 0.235370
0.088976 0.448713 0.462311
0.395032 0.421462 0.183506
0.755143 0.009174 0.235682
0.351851 0.355920 0.292229
0.692819 0.134674 0.172506
0.620142 0.012006 0.367852
0.118103 0.461907 0.419990
0.519044 0.234823 0.246132
0.825317 0.031126 0.143557
0.434457 0.531918 0.033625
0.616330 0.218854 0.164815
0.756249 0.059164 0.184587
0.694242 0.000255 0.305503
0.556645 0.372575 0.070780
0.537040 0.063743 0.399217
0.551523 0.157528 0.290949
0.740319 0.066730 0.192951
0.594557 0.023354 0.382089
0.859418 0.005822 0.134759
0.089865 0.418178 0.491957
0.601797 0.335227 0.062977
0.920869 0.049635 0.029496
0.185569 0.688972 0.125458
0.380043 0.341971 0.277986
0.618572 0.044891 0.336537
0.035324 0.627734 0.336942
0.609693 0.202031 0.188276
0.175154 0.666984 0.157863
0.242313 0.312687 0.445000
0.382599 0.367231 0.250170
0.287632 0.419564 0.292804
0.297155 0.334211 0.368634
0.197053 0.309916 0.493031
0.459214 0.405044 0.135743
0.000105 0.849610 0.150285
0.253942 0.511999 0.234060
0.315890 0.395194 0.288916
0.669841 0.251667 0.078492
0.545801 0.298492 0.155707
0.510361 0.072829 0.416810
0.920179 0.010089 0.069732
0.340568 0.414964 0.244468
0.742208 0.062062 0.195731
0.625660 0.258525 0.115815
0.001713 0.003717 0.994570
0.203654 0.206089 0.590257
0.002499 0.000354 0.997147
0.000060 0.001590 0.998349
0.041894 0.052680 0.905426
0.005936 0.155894 0.838170
0.029993 0.016066 0.953941
0.241785 0.007091 0.751124
0.010750 0.310891 0.678360
0.002143 0.095250 0.902608
0.290475 0.016816 0.692709
0.022612 0.201848 0.775540
0.000372 0.000080 0.999549
0.000009 0.028635 0.971356
0.000412 0.001181 0.998407
0.067436 0.150211 0.782353
0.059960 0.253962 0.686078
0.335022 0.585394 0.079585
0.232134 0.405382 0.362484
0.881159 0.068155 0.050686
0.581252 0.161183 0.257565
0.446009 0.448386 0.105605
0.363654 0.472129 0.164216
0.607101 0.283670 0.109230
0.705529 0.001899 0.292571
0.632949 0.311461 0.055590
0.787225 0.025574 0.187201
0.336559 0.520500 0.142942
0.370792 0.346298 0.282910
0.307795 0.469766 0.222439
0.597252 0.091388 0.311360
0.628939 0.061569 0.309492
0.420487 0.258582 0.320931
0.858911 0.002209 0.138880
0.772453 0.005023 0.222524
0.589359 0.233187 0.177454
0.372708 0.517096 0.110196
0.005889 0.600867 0.393244
0.997670 0.000217 0.002113
0.382764 0.403187 0.214050
0.475507 0.285095 0.239398
0.721635 0.101267 0.177098
0.604858 0.174590 0.220552
0.516500 0.419282 0.064219
0.505694 0.370964 0.123342
0.618261 0.231082 0.150657
0.449386 0.396883 0.153731
0.775727 0.195618 0.028655
0.007873 0.002987 0.989140
0.000362 0.009280 0.990358
0.524521 0.005153 0.470326
0.000064 0.002416 0.997520
0.005921 0.011420 0.982658
0.006728 0.112546 0.880726
0.069431 0.026617 0.903952
0.000628 0.000504 0.998867
0.058105 0.017480 0.924416
0.000015 0.067873 0.932112
0.745586 0.009617 0.244796
0.094274 0.000035 0.905691
0.167528 0.000299 0.832173
0.133392 0.000295 0.866313
0.003040 0.000311 0.996649
0.003159 0.036662 0.960180
0.000531 0.000133 0.999336
0.076103 0.139717 0.784180
0.000486 0.355554 0.643961
0.058805 0.243505 0.697690
0.001672 0.113055 0.885273
0.007234 0.015378 0.977388
0.000681 0.003607 0.995712
0.336260 0.008237 0.655503
0.371458 0.000390 0.628152
0.000032 0.000118 0.999851
0.033337 0.020762 0.945901
0.088224 0.001769 0.910006
0.102701 0.002207 0.895092
0.228048 0.225949 0.546003
0.011694 0.000315 0.987991
0.005819 0.000240 0.993942
0.001295 0.001652 0.997053
0.000004 0.001640 0.998356
0.000332 0.000009 0.999659
0.004127 0.105600 0.890272
0.484753 0.023184 0.492063
0.435804 0.001723 0.562473
0.000012 0.000247 0.999741
0.112610 0.226303 0.661088
0.425129 0.003301 0.571570
0.210028 0.003957 0.786015
0.000059 0.000740 0.999201
0.075603 0.255043 0.669354
0.013098 0.358491 0.628411
0.000008 0.000007 0.999985
0.308658 0.009319 0.682023
0.000575 0.250518 0.748907
0.032454 0.000660 0.966886
0.290270 0.010520 0.699210
0.374844 0.089258 0.535898
0.000962 0.000593 0.998445
0.273583 0.000032 0.726385
0.000020 0.002633 0.997347
0.447110 0.231894 0.320996
0.000006 0.003071 0.996923
0.017516 0.129493 0.852991
0.053220 0.192642 0.754139
0.071476 0.013216 0.915309
0.000026 0.000066 0.999909
0.078963 0.137903 0.783134
0.076404 0.312487 0.611109
0.155510 0.000618 0.843872
0.122177 0.158827 0.718996
0.269174 0.005854 0.724972
0.133646 0.048733 0.817620
0.057665 0.000028 0.942307
0.000002 0.101767 0.898231
0.000081 0.034834 0.965085
0.001246 0.015808 0.982946
0.092548 0.255133 0.652319
0.002164 0.044085 0.953751
0.000019 0.007424 0.992557
0.000851 0.000005 0.999144
0.008921 0.003216 0.987863
0.313272 0.054420 0.632308
0.028906 0.041395 0.929699
0.361337 0.135805 0.502858
0.000896 0.002357 0.996747
0.003516 0.020176 0.976308
0.007522 0.000082 0.992396
0.000094 0.043130 0.956776
0.264400 0.351252 0.384347
0.460022 0.524612 0.015366
0.184597 0.736232 0.079172
0.430216 0.557043 0.012741
0.182276 0.686551 0.131172
0.608600 0.240311 0.151089
0.049991 0.873025 0.076984
0.742288 0.155299 0.102413
0.611590 0.315295 0.073115
0.229372 0.486827 0.283801
0.322397 0.602517 0.075086
0.266200 0.497757 0.236044
0.343465 0.468507 0.188028
0.248832 0.602378 0.148790
0.727416 0.172199 0.100385
0.179135 0.723653 0.097212
0.301902 0.639225 0.058874
0.415181 0.381885 0.202934
0.326088 0.645932 0.027979
0.290459 0.558396 0.151144
0.474208 0.363765 0.162027
0.080992 0.798517 0.120491
0.334308 0.625642 0.040050
0.371050 0.527474 0.101476
0.343925 0.639977 0.016097
0.343467 0.645006 0.011528
0.462499 0.296372 0.241129
0.265525 0.546405 0.188070
0.285222 0.650473 0.064305
0.098875 0.670047 0.231078
0.721661 0.001022 0.277317
0.426319 0.245518 0.328163
0.525789 0.208645 0.265566
0.730179 0.193759 0.076063
0.103713 0.663125 0.233162
0.581347 0.412585 0.006068
0.245695 0.479307 0.274998
0.266328 0.655126 0.078547
0.325657 0.641793 0.032550
0.028717 0.924213 0.047070
0.323194 0.562718 0.114088
0.315373 0.481231 0.203396
0.585213 0.400429 0.014358
0.014232 0.984716 0.001052
0.615474 0.339285 0.045241
0.026051 0.934174 0.039775
0.021096 0.729422 0.249482
0.288362 0.644357 0.067281
0.556723 0.305832 0.137444
0.551160 0.398650 0.050190
0.001309 0.952384 0.046307
0.785404 0.067074 0.147522
0.469197 0.392077 0.138726
0.523527 0.240064 0.236409
0.017225 0.868564 0.114211
0.315623 0.426684 0.257693
0.953138 0.005595 0.041267
0.675902 0.243726 0.080372
0.505180 0.235738 0.259081
0.184539 0.666838 0.148623
0.614939 0.330714 0.054347
0.681342 0.302598 0.016059
0.306964 0.583539 0.109497
0.397933 0.544299 0.057768
0.018886 0.816612 0.164501
0.478584 0.262199 0.259216
0.800108 0.001756 0.198135
0.670219 0.246300 0.083481
0.055058 0.863194 0.081748
0.413085 0.543325 0.043590
0.002011 0.832379 0.165610
0.007887 0.834657 0.157456
0.900662 0.030745 0.068593
0.000875 0.878594 0.120530
0.154090 0.629221 0.216689
0.916254 0.059388 0.024358
0.201539 0.684721 0.113740
0.767657 0.180882 0.051461
0.397942 0.583015 0.019043
0.989989 0.008859 0.001153
0.232253 0.648281 0.119466
0.503264 0.475959 0.020777
0.536151 0.439118 0.024731
0.694141 0.261221 0.044638
0.361626 0.313259 0.325115
0.499346 0.428539 0.072115
0.323822 0.542412 0.133766
0.194796 0.555450 0.249753
0.751460 0.078015 0.170525
0.565078 0.412780 0.022142
0.534034 0.351747 0.114218
0.466546 0.469243 0.064211
0.235632 0.675065 0.089302
0.312638 0.528059 0.159304
0.265926 0.581273 0.152801
0.539791 0.177032 0.283177
0.599475 0.294191 0.106334
0.442395 0.372139 0.185466
0.769585 0.020971 0.209444
0.229619 0.681500 0.088880
0.348801 0.643029 0.008170
0.481712 0.506286 0.012002
0.587300 0.082015 0.330685
0.328836 0.431926 0.239238
0.667667 0.169715 0.162618
0.606320 0.214940 0.178741
0.270218 0.550584 0.179198
0.414005 0.520727 0.065268
0.177734 0.788192 0.034074
0.862956 0.101805 0.035239
0.271409 0.526350 0.202241
0.392736 0.304635 0.302629
0.117377 0.548325 0.334299
0.567494 0.192114 0.240392
0.244200 0.522526 0.233274
0.553843 0.156544 0.289613
0.529447 0.008963 0.461590
0.641905 0.054664 0.303430
0.596722 0.192356 0.210922
0.355419 0.401264 0.243317
0.264042 0.394973 0.340985
0.123214 0.780664 0.096122
0.745802 0.105123 0.149075
0.420060 0.347828 0.232111
0.665021 0.192617 0.142363
0.046742 0.715279 0.237979
0.315976 0.404559 0.279465
0.712889 0.186082 0.101028
0.543428 0.074676 0.381896
0.407356 0.450561 0.142083
0.336790 0.349742 0.313468
0.345269 0.373970 0.280761
0.949230 0.030948 0.019823
0.355859 0.258633 0.385508
0.534232 0.182830 0.282938
0.759857 0.059541 0.180602
0.528390 0.250789 0.220821
0.665463 0.017945 0.316592
0.560742 0.277409 0.161848
0.018334 0.678688 0.302978
0.695094 0.212336 0.092569
0.273933 0.455151 0.270916
0.666172 0.226239 0.107589
0.323792 0.418423 0.257785
0.052764 0.523547 0.423689
0.065335 0.597978 0.336687
0.759948 0.063001 0.177051
0.544642 0.113532 0.341826
0.961513 0.023750 0.014737
0.382728 0.247281 0.369992
0.528837 0.343021 0.128141
0.304544 0.327881 0.367575
0.531571 0.175765 0.292664
0.682547 0.139447 0.178006
0.635216 0.235737 0.129047
0.321109 0.322350 0.356542
0.278524 0.493571 0.227905
0.187249 0.652235 0.160516
0.288637 0.577484 0.133880
0.366116 0.339377 0.294507
0.856569 0.040221 0.103210
0.599294 0.096658 0.304048
0.422580 0.252838 0.324582
0.005811 0.660422 0.333767
0.249615 0.515124 0.235261
0.622454 0.010138 0.367409
0.415862 0.424589 0.159549
0.332419 0.454997 0.212585
0.055729 0.726043 0.218229
0.402136 0.234659 0.363205
0.373496 0.404021 0.222483
0.013345 0.692032 0.294623
0.389419 0.567989 0.042591
0.909734 0.011420 0.078846
0.012736 0.459159 0.528105
0.244958 0.592032 0.163010
0.337539 0.376178 0.286283
0.120282 0.745805 0.133913
0.861039 0.000667 0.138294
0.440376 0.346391 0.213232
0.641185 0.148260 0.210555
0.963147 0.036567 0.000286
0.147679 0.537483 0.314837
0.202541 0.565983 0.231476
0.001782 0.693165 0.305054
0.212430 0.428120 0.359450
0.336250 0.391185 0.272565
0.651176 0.259555 0.089269
0.310400 0.677902 0.011698
0.516820 0.294526 0.188654
0.658976 0.092503 0.248521
0.143998 0.638496 0.217506
0.803353 0.028059 0.168588
0.500057 0.382670 0.117273
0.671026 0.027675 0.301299
0.438950 0.415003 0.146046
0.616342 0.221976 0.161682
0.012676 0.711366 0.275957
0.761250 0.057559 0.181190
0.251491 0.430550 0.317959
0.913337 0.085314 0.001349
0.110345 0.524303 0.365352
0.594599 0.268098 0.137303
0.155935 0.605524 0.238541
0.502801 0.380027 0.117171
0.021867 0.719018 0.259115
0.312083 0.481764 0.206153
0.533289 0.266049 0.200663
0.003964 0.792712 0.203325
0.694600 0.158799 0.146601
0.383993 0.598763 0.017245
0.048466 0.946661 0.004873
0.679832 0.216018 0.104150
0.996128 0.003680 0.000191
0.559304 0.397518 0.043178
0.247291 0.703015 0.049694
0.845747 0.123094 0.031159
0.002592 0.961950 0.035458
0.182822 0.817154 0.000024
0.368990 0.575906 0.055104
0.508524 0.459699 0.031778
0.773792 0.226101 0.000107
0.003145 0.996501 0.000354
0.282761 0.669135 0.048104
0.355832 0.487607 0.156561
0.288343 0.622358 0.089299
0.318466 0.564680 0.116854
0.260798 0.673866 0.065335
0.001226 0.992460 0.006314
0.782043 0.152296 0.065661
0.156354 0.792947 0.050699
0.157476 0.840589 0.001935
0.533817 0.445716 0.020467
0.243408 0.755604 0.000988
0.762710 0.068980 0.168310
0.000741 0.998672 0.000587
0.246107 0.600693 0.153201
0.264811 0.699910 0.035279
0.575527 0.301130 0.123343
0.240300 0.758180 0.001520
0.521523 0.473280 0.005196
0.390561 0.466854 0.142585
0.100992 0.891591 0.007416
0.282559 0.652066 0.065375
0.144418 0.809316 0.046267
0.265713 0.661219 0.073067
0.276579 0.708359 0.015062
0.735357 0.175571 0.089072
0.342294 0.606187 0.051519
0.486924 0.478320 0.034756
0.157904 0.649720 0.192376
0.494785 0.391354 0.113861
0.390972 0.606723 0.002305
0.543816 0.396112 0.060072
0.235935 0.682690 0.081375
0.589484 0.376370 0.034146
0.391421 0.573989 0.034590
0.413901 0.580502 0.005597
0.047733 0.869190 0.083078
0.011977 0.986357 0.001666
0.459165 0.538391 0.002444
0.279741 0.329523 0.390736
0.570666 0.404971 0.024363
0.013083 0.982049 0.004868
0.902974 0.091023 0.006003
0.037326 0.940334 0.022340
0.413822 0.496834 0.089344
0.398680 0.503232 0.098088
0.093846 0.800444 0.105711
0.401724 0.526543 0.071733
0.469471 0.486024 0.044505
0.107940 0.883068 0.008992
0.385479 0.479296 0.135225
0.190838 0.706778 0.102384
0.395862 0.556063 0.048076
0.327911 0.655285 0.016804
0.093530 0.902046 0.004424
0.385647 0.517992 0.096361
0.282888 0.676399 0.040713
0.640199 0.358422 0.001379
0.309283 0.643935 0.046782
0.134850 0.613777 0.251373
0.160429 0.751076 0.088495
0.478690 0.364788 0.156522
0.319511 0.663618 0.016871
0.279425 0.713222 0.007352
0.279438 0.649839 0.070724
0.097006 0.819966 0.083028
0.108896 0.889848 0.001255
0.397239 0.462377 0.140384
0.775644 0.125416 0.098939
0.254939 0.627939 0.117122
0.665480 0.188730 0.145790
0.355297 0.620970 0.023732
0.559531 0.430195 0.010274
0.602251 0.366302 0.031447
0.136188 0.763432 0.100380
0.525198 0.435851 0.038951
0.019771 0.941085 0.039144
0.583729 0.411992 0.004279
0.208311 0.787347 0.004342
0.146870 0.699144 0.153985
0.215637 0.720700 0.063662
0.414296 0.576796 0.008908
0.432723 0.566680 0.000596
0.291131 0.587673 0.121196
0.650653 0.275233 0.074114
0.092807 0.828233 0.078961
0.298594 0.650180 0.051226
0.335808 0.649687 0.014505
0.316186 0.665024 0.018790
0.900514 0.098941 0.000545
0.123586 0.721024 0.155390
0.487935 0.375159 0.136906
0.530469 0.468763 0.000768
0.526916 0.398988 0.074096
0.009097 0.982505 0.008398
